Feb 07, 2018 	1,325.00 	1,315.00 	1,340.00 	1,310.00 	86.34K 	1.38%
Feb 06, 2018 	1,307.00 	1,251.00 	1,312.00 	1,251.00 	186.77K 	0.31%
Feb 05, 2018 	1,303.00 	1,310.00 	1,316.00 	1,303.00 	125.48K 	-3.48%
Feb 02, 2018 	1,350.00 	1,341.00 	1,360.00 	1,341.00 	52.43K 	0.37%
Feb 01, 2018 	1,345.00 	1,346.00 	1,359.00 	1,340.00 	68.42K 	0.00%
Jan 31, 2018 	1,345.00 	1,350.00 	1,352.00 	1,309.00 	157.06K 	-0.37%
Jan 30, 2018 	1,350.00 	1,365.00 	1,380.00 	1,342.00 	114.59K 	-2.17%
Jan 29, 2018 	1,380.00 	1,350.00 	1,380.00 	1,349.00 	69.76K 	2.22%
Jan 26, 2018 	1,350.00 	1,341.00 	1,354.00 	1,340.00 	94.12K 	0.45%
Jan 25, 2018 	1,344.00 	1,338.00 	1,355.00 	1,338.00 	218.13K 	0.45%
Jan 24, 2018 	1,338.00 	1,352.00 	1,365.00 	1,338.00 	155.36K 	-2.41%
Jan 23, 2018 	1,371.00 	1,380.00 	1,384.00 	1,350.00 	90.86K 	-1.44%
Jan 22, 2018 	1,391.00 	1,390.00 	1,391.00 	1,363.00 	99.69K 	-0.07%
Jan 19, 2018 	1,392.00 	1,307.00 	1,392.00 	1,307.00 	206.98K 	6.34%
Jan 18, 2018 	1,309.00 	1,325.00 	1,330.00 	1,300.00 	225.64K 	-3.04%
Jan 17, 2018 	1,350.00 	1,419.00 	1,419.00 	1,330.00 	328.14K 	-5.92%
Jan 16, 2018 	1,435.00 	1,437.00 	1,439.00 	1,420.00 	154.03K 	-0.28%
Jan 15, 2018 	1,439.00 	1,429.00 	1,445.00 	1,424.00 	88.41K 	0.63%
Jan 12, 2018 	1,430.00 	1,410.00 	1,435.00 	1,410.00 	126.59K 	-1.38%
Jan 11, 2018 	1,450.00 	1,384.00 	1,450.00 	1,360.00 	122.04K 	4.92%
Jan 10, 2018 	1,382.00 	1,360.00 	1,390.00 	1,360.00 	88.76K 	-0.22%
Jan 09, 2018 	1,385.00 	1,360.00 	1,385.00 	1,347.00 	131.48K 	1.76%
Jan 08, 2018 	1,361.00 	1,370.00 	1,375.00 	1,349.00 	139.46K 	-0.44%
Jan 05, 2018 	1,367.00 	1,320.00 	1,390.00 	1,320.00 	271.34K 	3.25%
Jan 04, 2018 	1,324.00 	1,293.00 	1,324.00 	1,287.00 	221.45K 	2.40%
Jan 03, 2018 	1,293.00 	1,295.00 	1,297.00 	1,285.00 	152.25K 	0.08%
Dec 29, 2017 	1,292.00 	1,280.00 	1,292.00 	1,277.00 	70.16K 	0.54%
Dec 28, 2017 	1,285.00 	1,280.00 	1,287.00 	1,279.00 	119.59K 	0.47%
Dec 27, 2017 	1,279.00 	1,262.00 	1,284.00 	1,262.00 	84.12K 	0.87%
Dec 22, 2017 	1,268.00 	1,280.00 	1,280.00 	1,250.00 	77.76K 	-0.94%
Dec 21, 2017 	1,280.00 	1,280.00 	1,280.00 	1,245.00 	76.88K 	0.00%
Dec 20, 2017 	1,280.00 	1,293.00 	1,294.00 	1,269.00 	51.06K 	-1.01%
Dec 19, 2017 	1,293.00 	1,271.00 	1,297.00 	1,271.00 	101.16K 	0.23%
Dec 18, 2017 	1,290.00 	1,260.00 	1,296.00 	1,260.00 	229.76K 	1.49%
Dec 15, 2017 	1,271.00 	1,270.00 	1,272.00 	1,250.00 	228.02K 	0.08%
Dec 14, 2017 	1,270.00 	1,210.00 	1,270.00 	1,202.00 	481.07K 	4.96%
Dec 13, 2017 	1,210.00 	1,190.00 	1,216.00 	1,189.00 	154.44K 	2.28%
Dec 12, 2017 	1,183.00 	1,181.00 	1,190.00 	1,161.00 	47.37K 	0.25%
Dec 11, 2017 	1,180.00 	1,175.00 	1,180.00 	1,166.00 	34.81K 	0.43%
Dec 08, 2017 	1,175.00 	1,130.00 	1,175.00 	1,130.00 	148.65K 	3.98%
Dec 07, 2017 	1,130.00 	1,140.00 	1,152.00 	1,129.00 	85.55K 	-0.88%
Dec 06, 2017 	1,140.00 	1,145.00 	1,149.00 	1,134.00 	200.82K 	-0.44%
Dec 05, 2017 	1,145.00 	1,149.00 	1,155.00 	1,141.00 	92.64K 	1.33%
Dec 04, 2017 	1,130.00 	1,131.00 	1,140.00 	1,125.00 	58.04K 	-0.35%
Dec 01, 2017 	1,134.00 	1,150.00 	1,158.00 	1,131.00 	145.87K 	-1.39%
Nov 29, 2017 	1,150.00 	1,170.00 	1,179.00 	1,150.00 	254.66K 	-1.03%
Nov 28, 2017 	1,162.00 	1,199.00 	1,199.00 	1,154.00 	214.63K 	-3.17%
Nov 27, 2017 	1,200.00 	1,194.00 	1,200.00 	1,180.00 	89.52K 	0.42%
Nov 24, 2017 	1,195.00 	1,182.00 	1,195.00 	1,160.00 	33.59K 	1.36%
Nov 23, 2017 	1,179.00 	1,176.00 	1,189.00 	1,168.00 	84.48K 	1.03%
Nov 22, 2017 	1,167.00 	1,165.00 	1,175.00 	1,160.00 	64.60K 	-0.26%
Nov 21, 2017 	1,170.00 	1,177.00 	1,185.00 	1,170.00 	212.74K 	0.00%
Nov 20, 2017 	1,170.00 	1,170.00 	1,180.00 	1,164.00 	59.69K 	0.09%
Nov 17, 2017 	1,169.00 	1,161.00 	1,180.00 	1,157.00 	47.40K 	1.92%
Nov 16, 2017 	1,147.00 	1,152.00 	1,172.00 	1,147.00 	83.80K 	-2.38%
Nov 15, 2017 	1,175.00 	1,172.00 	1,180.00 	1,155.00 	72.49K 	0.26%
Nov 14, 2017 	1,172.00 	1,172.00 	1,172.00 	1,152.00 	91.46K 	0.00%
Nov 13, 2017 	1,172.00 	1,196.00 	1,204.00 	1,172.00 	62.63K 	-1.84%
Nov 10, 2017 	1,194.00 	1,210.00 	1,210.00 	1,190.00 	209.15K 	-0.75%
Nov 09, 2017 	1,203.00 	1,205.00 	1,210.00 	1,199.00 	172.67K 	0.33%
Nov 08, 2017 	1,199.00 	1,195.00 	1,199.00 	1,185.00 	200.61K 	0.42%
Nov 07, 2017 	1,194.00 	1,191.00 	1,210.00 	1,176.00 	133.14K 	0.51%
Nov 06, 2017 	1,188.00 	1,201.00 	1,202.00 	1,186.00 	137.69K 	-1.00%
Nov 03, 2017 	1,200.00 	1,200.00 	1,209.00 	1,195.00 	179.72K 	0.25%
Nov 02, 2017 	1,197.00 	1,180.00 	1,205.00 	1,175.00 	349.09K 	1.44%
Oct 30, 2017 	1,180.00 	1,145.00 	1,189.00 	1,144.00 	73.97K 	3.51%
Oct 27, 2017 	1,140.00 	1,141.00 	1,157.00 	1,133.00 	89.67K 	0.09%
Oct 26, 2017 	1,139.00 	1,135.00 	1,157.00 	1,130.00 	22.52K 	1.06%
Oct 25, 2017 	1,127.00 	1,165.00 	1,165.00 	1,126.00 	116.63K 	-2.42%
Oct 24, 2017 	1,155.00 	1,190.00 	1,193.00 	1,149.00 	326.31K 	-2.20%
Oct 23, 2017 	1,181.00 	1,191.00 	1,200.00 	1,181.00 	46.68K 	-0.76%
Oct 20, 2017 	1,190.00 	1,234.00 	1,234.00 	1,190.00 	121.67K 	-2.06%
Oct 19, 2017 	1,215.00 	1,241.00 	1,241.00 	1,212.00 	184.18K 	-1.70%
Oct 18, 2017 	1,236.00 	1,250.00 	1,255.00 	1,230.00 	230.19K 	-1.12%
Oct 17, 2017 	1,250.00 	1,237.00 	1,258.00 	1,222.00 	326.67K 	2.46%
Oct 13, 2017 	1,220.00 	1,210.00 	1,221.00 	1,207.00 	145.09K 	1.24%
Oct 12, 2017 	1,205.00 	1,209.00 	1,213.00 	1,200.00 	63.27K 	-0.33%
Oct 11, 2017 	1,209.00 	1,217.00 	1,220.00 	1,205.00 	58.48K 	0.00%
Oct 10, 2017 	1,209.00 	1,209.00 	1,210.00 	1,200.00 	128.91K 	0.83%
Oct 09, 2017 	1,199.00 	1,218.00 	1,223.00 	1,199.00 	87.06K 	-1.56%
Oct 06, 2017 	1,218.00 	1,237.00 	1,250.00 	1,218.00 	159.02K 	-1.54%
Oct 05, 2017 	1,237.00 	1,217.00 	1,237.00 	1,217.00 	90.98K 	2.15%
Oct 04, 2017 	1,211.00 	1,206.00 	1,237.00 	1,206.00 	87.83K 	0.50%
Oct 03, 2017 	1,205.00 	1,200.00 	1,220.00 	1,200.00 	196.34K 	-0.08%
Oct 02, 2017 	1,206.00 	1,178.00 	1,207.00 	1,176.00 	202.03K 	3.88%
Sep 29, 2017 	1,161.00 	1,175.00 	1,190.00 	1,156.00 	197.98K 	-1.19%
Sep 28, 2017 	1,175.00 	1,189.00 	1,189.00 	1,170.00 	242.44K 	-1.26%
Sep 27, 2017 	1,190.00 	1,169.00 	1,190.00 	1,157.00 	107.52K 	1.88%
Sep 26, 2017 	1,168.00 	1,189.00 	1,197.00 	1,167.00 	102.04K 	-2.26%
Sep 25, 2017 	1,195.00 	1,201.00 	1,202.00 	1,180.00 	19.63K 	-0.50%
Sep 22, 2017 	1,201.00 	1,180.00 	1,204.00 	1,180.00 	119.83K 	2.21%
Sep 21, 2017 	1,175.00 	1,168.00 	1,185.00 	1,168.00 	97.25K 	0.77%
Sep 20, 2017 	1,166.00 	1,156.00 	1,186.00 	1,155.00 	77.06K 	1.39%
Sep 19, 2017 	1,150.00 	1,201.00 	1,204.00 	1,149.00 	119.98K 	-4.09%
Sep 18, 2017 	1,199.00 	1,189.00 	1,201.00 	1,176.00 	79.48K 	2.13%
Sep 15, 2017 	1,174.00 	1,199.00 	1,208.00 	1,174.00 	297.49K 	-2.09%
Sep 14, 2017 	1,199.00 	1,160.00 	1,199.00 	1,160.00 	147.97K 	3.36%
Sep 13, 2017 	1,160.00 	1,127.00 	1,160.00 	1,118.00 	262.17K 	3.66%
Sep 11, 2017 	1,119.00 	1,128.00 	1,130.00 	1,117.00 	157.70K 	0.81%
Sep 08, 2017 	1,110.00 	1,115.00 	1,130.00 	1,105.00 	187.97K 	0.00%
Sep 07, 2017 	1,110.00 	1,106.00 	1,119.00 	1,106.00 	158.95K 	0.45%
Sep 06, 2017 	1,105.00 	1,132.00 	1,132.00 	1,103.00 	316.48K 	-2.21%
Sep 05, 2017 	1,130.00 	1,144.00 	1,148.00 	1,122.00 	102.38K 	-0.18%
Sep 04, 2017 	1,132.00 	1,140.00 	1,140.00 	1,120.00 	123.09K 	1.25%
Aug 31, 2017 	1,118.00 	1,130.00 	1,130.00 	1,117.00 	158.24K 	-0.97%
Aug 30, 2017 	1,129.00 	1,143.00 	1,143.00 	1,126.00 	125.47K 	-0.09%
Aug 29, 2017 	1,130.00 	1,140.00 	1,153.00 	1,124.00 	154.01K 	0.18%
Aug 25, 2017 	1,128.00 	1,148.00 	1,149.00 	1,128.00 	110.97K 	-0.88%
Aug 24, 2017 	1,138.00 	1,122.00 	1,155.00 	1,122.00 	179.38K 	1.61%
Aug 23, 2017 	1,120.00 	1,130.00 	1,145.00 	1,118.00 	229.28K 	-0.88%
Aug 22, 2017 	1,130.00 	1,150.00 	1,150.00 	1,128.00 	172.26K 	-1.31%
Aug 18, 2017 	1,145.00 	1,170.00 	1,180.00 	1,139.00 	137.60K 	-2.22%
Aug 17, 2017 	1,171.00 	1,199.00 	1,199.00 	1,165.00 	102.33K 	-0.76%
Aug 16, 2017 	1,180.00 	1,180.00 	1,186.00 	1,172.00 	136.73K 	0.94%
Aug 15, 2017 	1,169.00 	1,170.00 	1,180.00 	1,167.00 	25.46K 	0.17%
Aug 14, 2017 	1,167.00 	1,160.00 	1,174.00 	1,160.00 	147.94K 	1.92%
Aug 11, 2017 	1,145.00 	1,182.00 	1,186.00 	1,134.00 	134.22K 	-1.97%
Aug 10, 2017 	1,168.00 	1,200.00 	1,200.00 	1,165.00 	67.05K 	-2.67%
Aug 09, 2017 	1,200.00 	1,216.00 	1,216.00 	1,196.00 	67.04K 	-1.23%
Aug 08, 2017 	1,215.00 	1,229.00 	1,229.00 	1,203.00 	50.52K 	-0.41%
Aug 07, 2017 	1,220.00 	1,205.00 	1,222.00 	1,205.00 	69.09K 	1.67%
Aug 04, 2017 	1,200.00 	1,196.00 	1,210.00 	1,196.00 	37.96K 	0.42%
Aug 03, 2017 	1,195.00 	1,220.00 	1,223.00 	1,195.00 	91.40K 	-1.24%
Aug 02, 2017 	1,210.00 	1,205.00 	1,222.00 	1,200.00 	101.64K 	0.83%
Aug 01, 2017 	1,200.00 	1,213.00 	1,220.00 	1,198.00 	134.11K 	-1.07%
Jul 31, 2017 	1,213.00 	1,251.00 	1,251.00 	1,206.00 	106.47K 	-2.33%
Jul 28, 2017 	1,242.00 	1,257.00 	1,257.00 	1,241.00 	70.20K 	-1.19%
Jul 27, 2017 	1,257.00 	1,236.00 	1,268.00 	1,236.00 	239.78K 	2.20%
Jul 26, 2017 	1,230.00 	1,215.00 	1,237.00 	1,215.00 	151.29K 	1.57%
Jul 25, 2017 	1,211.00 	1,212.00 	1,215.00 	1,206.00 	93.73K 	0.92%
Jul 24, 2017 	1,200.00 	1,197.00 	1,215.00 	1,194.00 	258.98K 	0.42%
Jul 21, 2017 	1,195.00 	1,230.00 	1,230.00 	1,187.00 	354.78K 	-2.85%
Jul 20, 2017 	1,230.00 	1,238.00 	1,244.00 	1,229.00 	119.01K 	-0.81%
Jul 19, 2017 	1,240.00 	1,242.00 	1,260.00 	1,232.00 	188.06K 	0.00%
Jul 18, 2017 	1,240.00 	1,208.00 	1,245.00 	1,208.00 	200.44K 	2.73%
Jul 17, 2017 	1,207.00 	1,207.00 	1,207.00 	1,199.00 	202.85K 	0.58%
Jul 14, 2017 	1,200.00 	1,206.00 	1,210.00 	1,195.00 	66.08K 	0.00%
Jul 13, 2017 	1,200.00 	1,202.00 	1,213.00 	1,195.00 	201.82K 	0.00%
Jul 12, 2017 	1,200.00 	1,200.00 	1,202.00 	1,198.00 	185.05K 	0.42%
Jul 11, 2017 	1,195.00 	1,195.00 	1,207.00 	1,195.00 	41.30K 	0.00%
Jul 10, 2017 	1,195.00 	1,210.00 	1,211.00 	1,195.00 	65.82K 	-0.42%
Jul 07, 2017 	1,200.00 	1,201.00 	1,205.00 	1,198.00 	391.92K 	-0.41%
Jul 06, 2017 	1,205.00 	1,210.00 	1,211.00 	1,201.00 	73.80K 	-0.41%
Jul 05, 2017 	1,210.00 	1,200.00 	1,210.00 	1,196.00 	74.20K 	0.58%
Jul 04, 2017 	1,203.00 	1,202.00 	1,208.00 	1,200.00 	16.97K 	0.08%
Jul 03, 2017 	1,202.00 	1,210.00 	1,213.00 	1,191.00 	49.32K 	-0.66%
Jun 30, 2017 	1,210.00 	1,188.00 	1,210.00 	1,188.00 	79.27K 	1.68%
Jun 29, 2017 	1,190.00 	1,204.00 	1,210.00 	1,188.00 	83.54K 	-1.24%
Jun 28, 2017 	1,205.00 	1,202.00 	1,208.00 	1,199.00 	201.04K 	0.17%
Jun 27, 2017 	1,203.00 	1,209.00 	1,209.00 	1,197.00 	89.72K 	-0.25%
Jun 23, 2017 	1,206.00 	1,212.00 	1,213.00 	1,197.00 	76.94K 	0.00%
Jun 22, 2017 	1,206.00 	1,208.00 	1,215.00 	1,201.00 	170.05K 	0.50%
Jun 21, 2017 	1,200.00 	1,214.00 	1,214.00 	1,199.00 	540.77K 	0.00%
Jun 20, 2017 	1,200.00 	1,209.00 	1,209.00 	1,191.00 	193.70K 	0.67%
Jun 19, 2017 	1,192.00 	1,200.00 	1,209.00 	1,188.00 	232.33K 	-0.67%
Jun 16, 2017 	1,200.00 	1,239.00 	1,239.00 	1,200.00 	1.46M 	-3.15%
Jun 15, 2017 	1,239.00 	1,229.00 	1,245.00 	1,220.00 	249.30K 	1.56%
Jun 14, 2017 	1,220.00 	1,232.00 	1,232.00 	1,210.00 	221.65K 	-1.61%
Jun 13, 2017 	1,240.00 	1,210.00 	1,240.00 	1,197.00 	358.25K 	3.51%
Jun 09, 2017 	1,198.00 	1,211.00 	1,211.00 	1,198.00 	78.45K 	-0.99%
Jun 08, 2017 	1,210.00 	1,195.00 	1,210.00 	1,190.00 	163.79K 	1.26%
Jun 07, 2017 	1,195.00 	1,220.00 	1,235.00 	1,185.00 	479.66K 	-2.05%
Jun 06, 2017 	1,220.00 	1,228.00 	1,235.00 	1,206.00 	145.83K 	-0.57%
Jun 05, 2017 	1,227.00 	1,203.00 	1,234.00 	1,203.00 	185.52K 	2.08%
Jun 02, 2017 	1,202.00 	1,169.00 	1,230.00 	1,169.00 	476.38K 	3.44%
Jun 01, 2017 	1,162.00 	1,186.00 	1,191.00 	1,150.00 	494.53K 	-2.76%
May 31, 2017 	1,195.00 	1,199.00 	1,209.00 	1,185.00 	681.26K 	-0.33%
May 30, 2017 	1,199.00 	1,199.00 	1,200.00 	1,188.00 	197.72K 	0.00%
May 29, 2017 	1,199.00 	1,190.00 	1,205.00 	1,190.00 	259.76K 	0.84%
May 26, 2017 	1,189.00 	1,200.00 	1,200.00 	1,189.00 	181.28K 	-0.92%
May 25, 2017 	1,200.00 	1,190.00 	1,200.00 	1,190.00 	324.66K 	1.27%
May 24, 2017 	1,185.00 	1,206.00 	1,214.00 	1,185.00 	140.19K 	-1.25%
May 23, 2017 	1,200.00 	1,236.00 	1,236.00 	1,200.00 	186.01K 	-2.83%
May 22, 2017 	1,235.00 	1,259.00 	1,259.00 	1,235.00 	96.77K 	-1.12%
May 19, 2017 	1,249.00 	1,239.00 	1,260.00 	1,229.00 	169.05K 	0.89%
May 18, 2017 	1,238.00 	1,270.00 	1,270.00 	1,227.00 	98.25K 	-1.75%
May 17, 2017 	1,260.00 	1,253.00 	1,269.00 	1,241.00 	128.82K 	0.48%
May 16, 2017 	1,254.00 	1,260.00 	1,276.00 	1,241.00 	97.86K 	1.54%
May 15, 2017 	1,235.00 	1,244.00 	1,250.00 	1,235.00 	118.86K 	-1.67%
May 12, 2017 	1,256.00 	1,276.00 	1,276.00 	1,250.00 	173.36K 	0.16%
May 11, 2017 	1,254.00 	1,268.00 	1,288.00 	1,245.00 	264.47K 	1.13%
May 10, 2017 	1,240.00 	1,301.00 	1,309.00 	1,240.00 	129.81K 	-4.62%
May 09, 2017 	1,300.00 	1,285.00 	1,303.00 	1,274.00 	285.57K 	1.17%
May 08, 2017 	1,285.00 	1,258.00 	1,289.00 	1,258.00 	287.46K 	2.39%
May 05, 2017 	1,255.00 	1,226.00 	1,270.00 	1,226.00 	209.25K 	2.45%
May 04, 2017 	1,225.00 	1,215.00 	1,235.00 	1,215.00 	149.08K 	0.82%
May 03, 2017 	1,215.00 	1,248.00 	1,253.00 	1,215.00 	72.20K 	-2.64%
May 02, 2017 	1,248.00 	1,265.00 	1,272.00 	1,245.00 	232.13K 	-0.95%
Apr 27, 2017 	1,260.00 	1,266.00 	1,266.00 	1,241.00 	76.53K 	-0.55%
Apr 26, 2017 	1,267.00 	1,263.00 	1,279.00 	1,241.00 	243.53K 	0.40%
Apr 25, 2017 	1,262.00 	1,231.00 	1,264.00 	1,231.00 	204.31K 	2.69%
Apr 24, 2017 	1,229.00 	1,212.00 	1,230.00 	1,205.00 	64.53K 	1.74%
Apr 21, 2017 	1,208.00 	1,204.00 	1,217.00 	1,184.00 	120.39K 	2.81%
Apr 20, 2017 	1,175.00 	1,205.00 	1,206.00 	1,169.00 	273.76K 	-2.57%
Apr 19, 2017 	1,206.00 	1,222.00 	1,222.00 	1,200.00 	105.77K 	-1.95%
Apr 18, 2017 	1,230.00 	1,241.00 	1,241.00 	1,225.00 	80.26K 	-1.20%
Apr 17, 2017 	1,245.00 	1,267.00 	1,268.00 	1,230.00 	61.98K 	-2.35%
Apr 12, 2017 	1,275.00 	1,269.00 	1,275.00 	1,250.00 	63.70K 	0.47%
Apr 11, 2017 	1,269.00 	1,228.00 	1,283.00 	1,228.00 	358.64K 	3.59%
Apr 10, 2017 	1,225.00 	1,173.00 	1,240.00 	1,173.00 	231.06K 	4.43%
Apr 07, 2017 	1,173.00 	1,145.00 	1,195.00 	1,145.00 	234.02K 	2.71%
Apr 06, 2017 	1,142.00 	1,141.00 	1,160.00 	1,141.00 	57.66K 	0.09%
Apr 05, 2017 	1,141.00 	1,133.00 	1,150.00 	1,132.00 	385.53K 	1.88%
Apr 04, 2017 	1,120.00 	1,134.00 	1,135.00 	1,116.00 	236.21K 	-1.23%
Apr 03, 2017 	1,134.00 	1,145.00 	1,145.00 	1,132.00 	209.60K 	-0.96%
Mar 31, 2017 	1,145.00 	1,177.00 	1,177.00 	1,137.00 	248.81K 	-2.72%
Mar 30, 2017 	1,177.00 	1,194.00 	1,210.00 	1,160.00 	113.33K 	-0.76%
Mar 29, 2017 	1,186.00 	1,188.00 	1,188.99 	1,176.02 	56.76K 	0.00%
Mar 28, 2017 	1,186.00 	1,188.00 	1,189.99 	1,183.00 	59.31K 	0.51%
Mar 27, 2017 	1,180.01 	1,185.00 	1,190.99 	1,169.03 	119.54K 	1.03%
Mar 24, 2017 	1,168.03 	1,167.03 	1,177.01 	1,163.04 	73.40K 	0.09%
Mar 23, 2017 	1,167.03 	1,168.03 	1,173.02 	1,158.05 	62.81K 	1.04%
Mar 22, 2017 	1,155.05 	1,156.05 	1,177.01 	1,150.06 	185.26K 	-2.69%
Mar 21, 2017 	1,187.00 	1,173.02 	1,188.00 	1,173.02 	202.25K 	1.62%
Mar 20, 2017 	1,168.03 	1,163.04 	1,177.01 	1,162.04 	94.71K 	1.39%
Mar 17, 2017 	1,152.00 	1,174.00 	1,185.00 	1,152.00 	293.33K 	-1.45%
Mar 16, 2017 	1,169.00 	1,195.00 	1,195.00 	1,165.00 	218.84K 	-0.93%
Mar 15, 2017 	1,180.00 	1,191.00 	1,198.00 	1,179.00 	115.63K 	-0.84%
Mar 14, 2017 	1,190.00 	1,190.00 	1,195.00 	1,189.00 	184.70K 	-0.08%
Mar 13, 2017 	1,191.00 	1,210.00 	1,215.00 	1,186.00 	180.06K 	-3.17%
Mar 10, 2017 	1,230.00 	1,219.00 	1,230.00 	1,181.00 	153.32K 	1.82%
Mar 09, 2017 	1,208.00 	1,215.00 	1,215.00 	1,207.00 	96.75K 	0.00%
Mar 08, 2017 	1,208.00 	1,208.00 	1,219.00 	1,205.00 	77.11K 	0.00%
Mar 07, 2017 	1,208.00 	1,235.00 	1,242.00 	1,204.00 	144.67K 	-0.98%
Mar 06, 2017 	1,220.00 	1,208.00 	1,232.00 	1,208.00 	85.25K 	0.83%
Mar 03, 2017 	1,210.00 	1,216.00 	1,216.00 	1,200.00 	173.66K 	-0.90%
Mar 02, 2017 	1,221.00 	1,208.00 	1,241.00 	1,205.00 	132.21K 	1.67%
Mar 01, 2017 	1,201.00 	1,207.00 	1,210.00 	1,201.00 	88.20K 	-0.66%
Feb 28, 2017 	1,209.00 	1,224.00 	1,224.00 	1,206.00 	205.84K 	-0.08%
Feb 27, 2017 	1,210.00 	1,260.00 	1,260.00 	1,208.00 	71.27K 	-2.02%
Feb 24, 2017 	1,235.00 	1,237.00 	1,237.00 	1,220.00 	168.38K 	-0.40%
Feb 23, 2017 	1,240.00 	1,237.00 	1,244.00 	1,212.00 	149.70K 	0.98%
Feb 22, 2017 	1,228.00 	1,235.00 	1,240.00 	1,220.00 	147.81K 	-0.57%
Feb 21, 2017 	1,235.00 	1,238.00 	1,238.00 	1,232.00 	53.05K 	-0.32%
Feb 20, 2017 	1,239.00 	1,225.00 	1,250.00 	1,225.00 	108.54K 	1.56%
Feb 17, 2017 	1,220.00 	1,225.00 	1,240.00 	1,213.00 	148.42K 	-0.41%
Feb 16, 2017 	1,225.00 	1,228.00 	1,248.00 	1,220.00 	179.99K 	-0.24%
Feb 15, 2017 	1,228.00 	1,222.00 	1,230.00 	1,220.00 	165.25K 	0.66%
Feb 14, 2017 	1,220.00 	1,240.00 	1,251.00 	1,220.00 	157.66K 	-1.61%
Feb 13, 2017 	1,240.00 	1,261.00 	1,267.00 	1,238.00 	157.59K 	-0.88%
Feb 10, 2017 	1,251.00 	1,285.00 	1,285.00 	1,230.00 	175.79K 	-2.27%
Feb 09, 2017 	1,280.00 	1,279.00 	1,290.00 	1,273.00 	129.64K 	0.08%
Feb 08, 2017 	1,279.00 	1,272.00 	1,285.00 	1,267.00 	214.66K 	0.87%
Feb 07, 2017 	1,268.00 	1,221.00 	1,268.00 	1,221.00 	249.18K 	3.85%
Feb 06, 2017 	1,221.00 	1,240.00 	1,243.00 	1,200.00 	386.18K 	-1.93%
Feb 03, 2017 	1,245.00 	1,267.00 	1,267.00 	1,234.00 	179.29K 	-1.66%
Feb 02, 2017 	1,266.00 	1,289.00 	1,302.00 	1,250.00 	201.49K 	-1.78%
Feb 01, 2017 	1,289.00 	1,304.00 	1,327.00 	1,284.00 	270.63K 	-1.15%
Jan 31, 2017 	1,304.00 	1,350.00 	1,350.00 	1,302.00 	189.84K 	-3.41%
Jan 30, 2017 	1,350.00 	1,388.00 	1,390.00 	1,350.00 	25.92K 	-2.24%
Jan 27, 2017 	1,381.00 	1,365.00 	1,388.00 	1,365.00 	133.18K 	1.25%
Jan 26, 2017 	1,364.00 	1,341.00 	1,368.00 	1,341.00 	230.38K 	1.72%
Jan 25, 2017 	1,341.00 	1,345.00 	1,355.00 	1,330.00 	48.47K 	-0.30%
Jan 24, 2017 	1,345.00 	1,345.00 	1,349.00 	1,318.00 	143.07K 	0.00%
Jan 23, 2017 	1,345.00 	1,350.00 	1,350.00 	1,334.00 	130.77K 	0.37%
Jan 20, 2017 	1,340.00 	1,350.00 	1,351.00 	1,330.00 	55.78K 	0.00%
Jan 19, 2017 	1,340.00 	1,349.00 	1,353.00 	1,332.00 	346.89K 	0.00%
Jan 18, 2017 	1,340.00 	1,329.00 	1,353.00 	1,321.00 	419.86K 	0.83%
Jan 17, 2017 	1,329.00 	1,319.00 	1,338.00 	1,319.00 	109.69K 	0.76%
Jan 16, 2017 	1,319.00 	1,320.00 	1,334.00 	1,317.00 	74.23K 	-0.08%
Jan 13, 2017 	1,320.00 	1,315.00 	1,335.00 	1,313.00 	172.55K 	1.54%
Jan 12, 2017 	1,300.00 	1,320.00 	1,334.00 	1,298.00 	137.26K 	0.00%
Jan 11, 2017 	1,300.00 	1,304.00 	1,350.00 	1,298.00 	72.73K 	-1.52%
Jan 10, 2017 	1,320.00 	1,330.00 	1,330.00 	1,301.00 	180.07K 	-0.83%
Jan 09, 2017 	1,331.00 	1,350.00 	1,350.00 	1,330.00 	54.77K 	-0.45%
Jan 06, 2017 	1,337.00 	1,342.00 	1,374.00 	1,330.00 	93.75K 	-0.96%
Jan 05, 2017 	1,350.00 	1,330.00 	1,390.00 	1,326.00 	181.43K 	1.81%
Jan 04, 2017 	1,326.00 	1,302.00 	1,331.00 	1,302.00 	96.63K 	2.00%
Jan 03, 2017 	1,300.00 	1,280.00 	1,301.00 	1,266.00 	75.38K 	2.36%
Dec 29, 2016 	1,270.00 	1,240.00 	1,284.00 	1,240.00 	141.00K 	3.25%
Dec 28, 2016 	1,230.00 	1,220.00 	1,230.00 	1,220.00 	116.46K 	1.49%
Dec 27, 2016 	1,212.00 	1,209.00 	1,218.00 	1,209.00 	54.53K 	0.25%
Dec 23, 2016 	1,209.00 	1,181.00 	1,209.00 	1,175.00 	71.18K 	-0.41%
Dec 22, 2016 	1,214.00 	1,181.00 	1,220.00 	1,181.00 	57.31K 	1.42%
Dec 21, 2016 	1,197.00 	1,192.00 	1,218.00 	1,182.00 	56.95K 	0.42%
Dec 20, 2016 	1,192.00 	1,195.00 	1,195.00 	1,170.00 	172.00K 	-0.25%
Dec 19, 2016 	1,195.00 	1,210.00 	1,219.00 	1,189.00 	106.72K 	-1.24%
Dec 16, 2016 	1,210.00 	1,248.00 	1,248.00 	1,210.00 	136.82K 	-1.63%
Dec 15, 2016 	1,230.00 	1,225.00 	1,249.00 	1,222.00 	54.56K 	-2.30%
Dec 14, 2016 	1,259.00 	1,280.00 	1,280.00 	1,241.00 	124.95K 	-1.64%
Dec 13, 2016 	1,280.00 	1,243.00 	1,280.00 	1,200.00 	163.78K 	1.59%
Dec 12, 2016 	1,260.00 	1,274.00 	1,274.00 	1,242.00 	100.27K 	-1.10%
Dec 09, 2016 	1,274.00 	1,263.00 	1,278.00 	1,241.00 	138.45K 	1.11%
Dec 08, 2016 	1,260.00 	1,250.00 	1,260.00 	1,237.00 	144.80K 	1.04%
Dec 07, 2016 	1,247.00 	1,195.00 	1,247.00 	1,182.00 	153.86K 	4.09%
Dec 06, 2016 	1,198.00 	1,198.00 	1,198.00 	1,172.00 	75.67K 	2.39%
Dec 05, 2016 	1,170.00 	1,185.00 	1,185.00 	1,170.00 	150.22K 	-1.27%
Dec 02, 2016 	1185.000 	1173.000 	1191.000 	1173.000 	144.62K 	1.28%
Dec 01, 2016 	1170.000 	1195.000 	1208.000 	1170.000 	390.68K 	0.95%
Nov 29, 2016 	1159.000 	1179.000 	1179.000 	1123.000 	230.81K 	-0.09%
Nov 28, 2016 	1160.000 	1220.000 	1229.000 	1160.000 	189.33K 	-4.68%
Nov 25, 2016 	1217.000 	1195.000 	1220.000 	1195.000 	125.66K 	1.59%
Nov 24, 2016 	1198.000 	1167.000 	1198.000 	1156.000 	97.64K 	2.83%
Nov 23, 2016 	1165.000 	1140.000 	1167.000 	1127.000 	285.26K 	4.02%
Nov 22, 2016 	1120.000 	1155.000 	1155.000 	1084.000 	475.95K 	-2.61%
Nov 21, 2016 	1150.000 	1200.000 	1207.000 	1150.000 	140.36K 	-4.17%
Nov 18, 2016 	1200.000 	1207.000 	1207.000 	1188.000 	121.46K 	-0.41%
Nov 17, 2016 	1205.000 	1238.000 	1245.000 	1205.000 	100.60K 	-1.23%
Nov 16, 2016 	1220.000 	1218.000 	1240.000 	1209.000 	165.21K 	1.16%
Nov 15, 2016 	1206.000 	1210.000 	1220.000 	1180.000 	260.16K 	0.50%
Nov 14, 2016 	1200.000 	1250.000 	1252.000 	1200.000 	194.71K 	-4.99%
Nov 11, 2016 	1263.000 	1327.000 	1327.000 	1251.000 	399.45K 	-5.39%
Nov 10, 2016 	1335.000 	1320.000 	1360.000 	1320.000 	105.31K 	1.14%
Nov 09, 2016 	1320.000 	1375.000 	1375.000 	1298.000 	146.98K 	-3.30%
Nov 08, 2016 	1365.000 	1361.000 	1378.000 	1349.000 	78.06K 	0.37%
Nov 07, 2016 	1360.000 	1350.000 	1370.000 	1332.000 	117.09K 	-1.66%
Nov 04, 2016 	1383.000 	1335.000 	1386.000 	1320.000 	140.16K 	3.21%
Nov 03, 2016 	1340.000 	1305.000 	1346.000 	1305.000 	177.26K 	2.06%
Nov 02, 2016 	1313.000 	1320.000 	1325.000 	1301.000 	152.10K 	0.15%
Oct 28, 2016 	1311.000 	1310.000 	1321.000 	1298.000 	151.67K 	0.08%
Oct 27, 2016 	1310.000 	1336.000 	1336.000 	1310.000 	237.70K 	-2.02%
Oct 26, 2016 	1337.000 	1353.000 	1353.000 	1329.000 	184.08K 	-2.48%
Oct 25, 2016 	1371.000 	1373.000 	1378.000 	1361.000 	110.53K 	-0.15%
Oct 24, 2016 	1373.000 	1417.000 	1420.000 	1370.000 	165.77K 	-3.31%
Oct 21, 2016 	1420.000 	1440.000 	1440.000 	1391.000 	35.11K 	-0.35%
Oct 20, 2016 	1425.000 	1410.000 	1433.000 	1410.000 	82.71K 	-0.21%
Oct 19, 2016 	1428.000 	1410.000 	1432.000 	1410.000 	138.22K 	1.28%
Oct 18, 2016 	1410.000 	1340.000 	1419.000 	1339.000 	152.55K 	5.22%
Oct 17, 2016 	1340.000 	1355.000 	1356.000 	1336.000 	124.17K 	0.37%
Oct 14, 2016 	1335.000 	1320.000 	1400.000 	1320.000 	120.47K 	0.38%
Oct 13, 2016 	1330.000 	1368.000 	1368.000 	1330.000 	314.54K 	-2.92%
Oct 12, 2016 	1370.000 	1399.000 	1399.000 	1365.000 	240.46K 	-2.07%
Oct 11, 2016 	1399.000 	1387.000 	1410.000 	1386.000 	156.41K 	1.01%
Oct 10, 2016 	1385.000 	1410.000 	1410.000 	1384.000 	329.31K 	-1.77%
Oct 07, 2016 	1410.000 	1397.000 	1416.000 	1395.000 	269.97K 	0.93%
Oct 06, 2016 	1397.000 	1397.000 	1420.000 	1396.000 	195.48K 	-0.21%
Oct 05, 2016 	1400.000 	1425.000 	1425.000 	1397.000 	383.74K 	-1.27%
Oct 04, 2016 	1418.000 	1420.000 	1425.000 	1417.000 	141.46K 	-0.14%
Oct 03, 2016 	1420.000 	1440.000 	1440.000 	1418.000 	141.53K 	-1.39%
Sep 30, 2016 	1440.000 	1465.000 	1474.000 	1435.000 	165.87K 	-2.04%
Sep 29, 2016 	1470.000 	1476.000 	1480.000 	1470.000 	161.46K 	0.14%
Sep 28, 2016 	1468.000 	1475.000 	1478.000 	1451.000 	238.40K 	1.24%
Sep 27, 2016 	1450.000 	1479.000 	1479.000 	1450.000 	355.99K 	-1.96%
Sep 26, 2016 	1479.000 	1480.000 	1480.000 	1465.000 	112.26K 	-0.07%
Sep 23, 2016 	1480.000 	1461.000 	1486.000 	1461.000 	140.92K 	0.00%
Sep 22, 2016 	1480.000 	1451.000 	1482.000 	1451.000 	263.72K 	2.07%
Sep 21, 2016 	1450.000 	1463.000 	1463.000 	1440.000 	61.83K 	-0.55%
Sep 20, 2016 	1458.000 	1390.000 	1458.000 	1390.000 	210.84K 	3.40%
Sep 19, 2016 	1410.000 	1401.000 	1418.000 	1401.000 	163.02K 	0.64%
Sep 16, 2016 	1401.000 	1455.000 	1455.000 	1401.000 	294.93K 	-3.71%
Sep 15, 2016 	1455.000 	1430.000 	1455.000 	1430.000 	235.56K 	1.75%
Sep 14, 2016 	1430.000 	1450.000 	1452.000 	1430.000 	268.18K 	-1.85%
Sep 13, 2016 	1457.000 	1478.000 	1478.000 	1451.000 	421.01K 	-1.55%
Sep 09, 2016 	1480.000 	1530.000 	1530.000 	1476.000 	268.32K 	-0.54%
Sep 08, 2016 	1488.000 	1479.000 	1495.000 	1461.000 	262.81K 	0.54%
Sep 07, 2016 	1480.000 	1512.000 	1512.000 	1474.000 	433.37K 	-1.60%
Sep 06, 2016 	1504.000 	1501.000 	1509.000 	1501.000 	253.08K 	-1.05%
Sep 05, 2016 	1520.000 	1523.000 	1536.000 	1511.000 	56.85K 	-0.20%
Sep 02, 2016 	1523.000 	1510.000 	1533.000 	1510.000 	301.23K 	0.86%
Sep 01, 2016 	1510.000 	1525.000 	1525.000 	1492.000 	285.54K 	-1.63%
Aug 31, 2016 	1535.000 	1536.000 	1542.000 	1500.000 	215.38K 	-0.07%
Aug 30, 2016 	1536.000 	1527.000 	1539.000 	1527.000 	313.41K 	-0.45%
Aug 26, 2016 	1543.000 	1543.000 	1545.000 	1540.000 	105.52K 	0.00%
Aug 25, 2016 	1543.000 	1541.000 	1543.000 	1530.000 	69.60K 	0.13%
Aug 24, 2016 	1541.000 	1538.000 	1541.000 	1530.000 	191.27K 	-0.06%
Aug 23, 2016 	1542.000 	1539.000 	1545.000 	1538.000 	75.35K 	0.19%
Aug 22, 2016 	1539.000 	1530.000 	1545.000 	1525.000 	87.51K 	0.59%
Aug 19, 2016 	1530.000 	1528.000 	1547.000 	1525.000 	158.31K 	0.00%
Aug 18, 2016 	1530.000 	1539.000 	1543.000 	1527.000 	214.27K 	-0.58%
Aug 17, 2016 	1539.000 	1530.000 	1539.000 	1506.000 	402.46K 	2.60%
Aug 16, 2016 	1500.000 	1550.000 	1550.000 	1500.000 	236.02K 	-2.60%
Aug 15, 2016 	1540.000 	1535.000 	1555.000 	1535.000 	140.70K 	0.33%
Aug 12, 2016 	1535.000 	1554.000 	1556.000 	1535.000 	220.06K 	-1.22%
Aug 11, 2016 	1554.000 	1560.000 	1561.000 	1540.000 	658.71K 	-4.07%
Aug 10, 2016 	1620.000 	1624.000 	1635.000 	1613.000 	180.40K 	0.12%
Aug 09, 2016 	1618.000 	1611.000 	1624.000 	1610.000 	345.40K 	0.50%
Aug 08, 2016 	1610.000 	1600.000 	1620.000 	1572.000 	116.42K 	0.62%
Aug 05, 2016 	1600.000 	1599.000 	1600.000 	1589.000 	95.88K 	0.06%
Aug 04, 2016 	1599.000 	1556.000 	1599.000 	1530.000 	98.01K 	2.70%
Aug 03, 2016 	1557.000 	1585.000 	1585.000 	1550.000 	127.66K 	-1.46%
Aug 02, 2016 	1580.000 	1591.000 	1598.000 	1560.000 	106.69K 	-0.63%
Aug 01, 2016 	1590.000 	1550.000 	1597.000 	1550.000 	139.00K 	3.25%
Jul 29, 2016 	1540.000 	1570.000 	1570.000 	1540.000 	57.55K 	-1.60%
Jul 28, 2016 	1565.000 	1549.000 	1565.000 	1548.000 	151.50K 	0.32%
Jul 27, 2016 	1560.000 	1550.000 	1570.000 	1550.000 	99.21K 	0.58%
Jul 26, 2016 	1551.000 	1577.000 	1577.000 	1550.000 	77.34K 	-1.65%
Jul 25, 2016 	1577.000 	1565.000 	1587.000 	1565.000 	146.21K 	0.77%
Jul 22, 2016 	1565.000 	1565.000 	1572.000 	1557.000 	56.88K 	-0.13%
Jul 21, 2016 	1567.000 	1573.000 	1573.000 	1560.000 	70.10K 	-0.38%
Jul 20, 2016 	1573.000 	1560.000 	1573.000 	1549.000 	147.69K 	0.83%
Jul 19, 2016 	1560.000 	1549.000 	1569.000 	1548.000 	124.89K 	0.71%
Jul 18, 2016 	1549.000 	1553.000 	1557.000 	1540.000 	91.26K 	-0.26%
Jul 15, 2016 	1553.000 	1530.000 	1555.000 	1530.000 	184.56K 	1.50%
Jul 14, 2016 	1530.000 	1510.000 	1540.000 	1493.000 	185.97K 	1.32%
Jul 13, 2016 	1510.000 	1520.000 	1530.000 	1500.000 	94.66K 	-0.66%
Jul 12, 2016 	1520.000 	1490.000 	1520.000 	1490.000 	239.59K 	2.36%
Jul 11, 2016 	1485.000 	1481.000 	1495.000 	1475.000 	100.36K 	1.02%
Jul 08, 2016 	1470.000 	1451.000 	1470.000 	1451.000 	60.65K 	0.68%
Jul 07, 2016 	1460.000 	1470.000 	1475.000 	1456.000 	238.52K 	0.00%
Jul 05, 2016 	1460.000 	1482.000 	1484.000 	1455.000 	132.34K 	-0.88%
Jul 04, 2016 	1473.000 	1469.000 	1485.000 	1466.000 	110.02K 	0.55%
Jul 01, 2016 	1465.000 	1450.000 	1465.000 	1450.000 	163.02K 	1.74%
Jun 30, 2016 	1440.000 	1470.000 	1499.000 	1425.000 	195.81K 	-2.04%
Jun 29, 2016 	1470.000 	1474.000 	1480.000 	1465.000 	128.99K 	1.66%
Jun 28, 2016 	1446.000 	1470.000 	1470.000 	1438.000 	146.08K 	-1.57%
Jun 27, 2016 	1469.000 	1450.000 	1518.000 	1424.000 	142.28K 	0.14%
Jun 24, 2016 	1467.000 	1520.000 	1525.000 	1440.000 	183.55K 	-2.20%
Jun 23, 2016 	1500.000 	1520.000 	1520.000 	1488.000 	68.35K 	-1.32%
Jun 22, 2016 	1520.000 	1500.000 	1520.000 	1500.000 	231.52K 	1.33%
Jun 21, 2016 	1500.000 	1450.000 	1505.000 	1447.000 	365.60K 	3.81%
Jun 20, 2016 	1445.000 	1440.000 	1449.000 	1416.000 	157.93K 	0.98%
Jun 17, 2016 	1431.000 	1439.000 	1445.000 	1420.000 	227.92K 	-0.56%
Jun 16, 2016 	1439.000 	1438.000 	1444.000 	1433.000 	97.29K 	0.07%
Jun 15, 2016 	1438.000 	1440.000 	1440.000 	1425.000 	102.95K 	-0.14%
Jun 14, 2016 	1440.000 	1439.000 	1440.000 	1408.000 	105.70K 	-0.48%
Jun 13, 2016 	1447.000 	1420.000 	1447.000 	1408.000 	37.83K 	1.90%
Jun 10, 2016 	1420.000 	1405.000 	1433.000 	1405.000 	65.40K 	1.07%
Jun 09, 2016 	1405.000 	1449.000 	1449.000 	1403.000 	102.48K 	-1.06%
Jun 08, 2016 	1420.000 	1469.000 	1472.000 	1420.000 	102.34K 	-2.87%
Jun 07, 2016 	1462.000 	1445.000 	1472.000 	1436.000 	287.43K 	2.67%
Jun 06, 2016 	1424.000 	1439.000 	1439.000 	1412.000 	63.98K 	0.92%
Jun 03, 2016 	1411.000 	1408.000 	1429.000 	1403.000 	62.97K 	0.43%
Jun 02, 2016 	1405.000 	1405.000 	1411.000 	1400.000 	88.06K 	-0.71%
Jun 01, 2016 	1415.000 	1419.000 	1437.000 	1400.000 	121.35K 	1.43%
May 31, 2016 	1395.000 	1440.000 	1440.000 	1395.000 	368.63K 	-3.79%
May 30, 2016 	1450.000 	1436.000 	1454.000 	1430.000 	68.37K 	0.69%
May 27, 2016 	1440.000 	1430.000 	1450.000 	1415.000 	265.86K 	1.05%
May 26, 2016 	1425.000 	1432.000 	1433.000 	1405.000 	50.76K 	-0.14%
May 25, 2016 	1427.000 	1400.000 	1427.000 	1400.000 	109.40K 	2.29%
May 24, 2016 	1395.000 	1380.000 	1400.000 	1380.000 	50.79K 	0.94%
May 23, 2016 	1382.000 	1390.000 	1392.000 	1379.000 	74.63K 	0.14%
May 20, 2016 	1380.000 	1410.000 	1421.000 	1380.000 	91.80K 	-3.50%
May 19, 2016 	1430.000 	1430.000 	1431.000 	1422.000 	149.23K 	0.00%
May 18, 2016 	1430.000 	1445.000 	1445.000 	1415.000 	224.61K 	-1.04%
May 17, 2016 	1445.000 	1469.000 	1469.000 	1425.000 	112.87K 	-0.69%
May 16, 2016 	1455.000 	1410.000 	1460.000 	1410.000 	194.52K 	0.28%
May 13, 2016 	1451.000 	1423.000 	1473.000 	1422.000 	336.42K 	2.91%
May 12, 2016 	1410.000 	1415.000 	1420.000 	1386.000 	95.79K 	-0.35%
May 11, 2016 	1415.000 	1371.000 	1436.000 	1371.000 	206.43K 	3.66%
May 10, 2016 	1365.000 	1362.000 	1376.000 	1335.000 	205.04K 	0.15%
May 06, 2016 	1363.000 	1331.000 	1398.000 	1331.000 	103.90K 	1.34%
May 05, 2016 	1345.000 	1330.000 	1365.000 	1330.000 	191.71K 	0.00%
May 04, 2016 	1345.000 	1337.000 	1345.000 	1331.000 	184.18K 	0.37%
May 03, 2016 	1340.000 	1339.000 	1346.000 	1337.000 	132.36K 	0.00%
May 02, 2016 	1340.000 	1350.000 	1350.000 	1328.000 	75.88K 	-1.98%
Apr 29, 2016 	1367.000 	1370.000 	1376.000 	1362.000 	94.18K 	0.00%
Apr 28, 2016 	1367.000 	1369.000 	1388.000 	1367.000 	140.32K 	-0.07%
Apr 27, 2016 	1368.000 	1368.000 	1375.000 	1359.000 	57.11K 	-0.15%
Apr 26, 2016 	1370.000 	1355.000 	1378.000 	1355.000 	67.24K 	-0.44%
Apr 25, 2016 	1376.000 	1381.000 	1383.000 	1370.000 	46.02K 	-0.36%
Apr 22, 2016 	1381.000 	1380.000 	1400.000 	1380.000 	64.18K 	0.07%
Apr 21, 2016 	1380.000 	1369.000 	1392.000 	1365.000 	110.50K 	0.80%
Apr 20, 2016 	1369.000 	1372.000 	1390.000 	1363.000 	89.65K 	0.44%
Apr 19, 2016 	1363.000 	1398.000 	1412.000 	1354.000 	127.90K 	-2.50%
Apr 18, 2016 	1398.000 	1390.000 	1412.000 	1390.000 	49.85K 	-0.14%
Apr 15, 2016 	1400.000 	1414.000 	1414.000 	1390.000 	37.64K 	-1.27%
Apr 14, 2016 	1418.000 	1415.000 	1423.000 	1415.000 	113.32K 	0.28%
Apr 13, 2016 	1414.000 	1393.000 	1431.000 	1393.000 	212.43K 	1.51%
Apr 12, 2016 	1393.000 	1373.000 	1401.000 	1370.000 	185.96K 	1.46%
Apr 11, 2016 	1373.000 	1356.000 	1382.000 	1355.000 	168.68K 	1.25%
Apr 08, 2016 	1356.000 	1360.000 	1370.000 	1352.000 	114.56K 	-0.07%
Apr 07, 2016 	1357.000 	1384.000 	1384.000 	1345.000 	80.85K 	0.37%
Apr 06, 2016 	1352.000 	1397.000 	1398.000 	1313.000 	176.69K 	-1.24%
Apr 05, 2016 	1369.000 	1430.000 	1430.000 	1369.000 	51.38K 	-2.28%
Apr 04, 2016 	1401.000 	1386.030 	1406.990 	1385.030 	205.76K 	1.15%
Apr 01, 2016 	1385.030 	1397.010 	1397.010 	1381.040 	70.55K 	-0.14%
Mar 31, 2016 	1387.030 	1439.920 	1439.920 	1382.040 	277.12K 	-2.39%
Mar 30, 2016 	1420.960 	1435.920 	1435.920 	1416.970 	129.59K 	0.49%
Mar 29, 2016 	1413.970 	1429.940 	1442.910 	1408.980 	207.91K 	-2.68%
Mar 28, 2016 	1452.890 	1452.890 	1474.840 	1444.910 	82.55K 	0.20%
Mar 23, 2016 	1450.000 	1434.000 	1464.000 	1430.000 	367.36K 	1.12%
Mar 22, 2016 	1434.000 	1435.000 	1445.000 	1420.000 	136.22K 	-0.07%
Mar 21, 2016 	1435.000 	1426.000 	1445.000 	1425.000 	208.62K 	2.14%
Mar 18, 2016 	1405.000 	1401.000 	1415.000 	1401.000 	261.49K 	0.36%
Mar 17, 2016 	1400.000 	1400.000 	1410.000 	1397.000 	231.32K 	1.82%
Mar 16, 2016 	1375.000 	1400.000 	1405.000 	1375.000 	134.17K 	-2.83%
Mar 15, 2016 	1415.000 	1415.000 	1430.000 	1415.000 	124.30K 	0.00%
Mar 14, 2016 	1415.000 	1420.000 	1447.000 	1411.000 	293.60K 	0.35%
Mar 11, 2016 	1410.000 	1382.000 	1416.000 	1382.000 	236.85K 	2.10%
Mar 10, 2016 	1381.000 	1356.000 	1402.000 	1356.000 	254.35K 	1.84%
Mar 09, 2016 	1356.000 	1350.000 	1360.000 	1350.000 	279.58K 	0.44%
Mar 08, 2016 	1350.000 	1324.000 	1353.000 	1320.000 	541.46K 	2.04%
Mar 07, 2016 	1323.000 	1360.000 	1361.000 	1320.000 	139.04K 	-1.93%
Mar 04, 2016 	1349.000 	1355.000 	1356.000 	1344.000 	133.60K 	-0.37%
Mar 03, 2016 	1354.000 	1350.000 	1357.000 	1333.000 	276.33K 	1.04%
Mar 02, 2016 	1340.000 	1325.000 	1340.000 	1317.000 	306.43K 	2.06%
Mar 01, 2016 	1313.000 	1311.000 	1313.000 	1275.000 	137.82K 	0.54%
Feb 29, 2016 	1306.000 	1288.000 	1310.000 	1287.000 	221.76K 	1.40%
Feb 26, 2016 	1288.000 	1280.000 	1289.000 	1269.000 	182.36K 	0.62%
Feb 24, 2016 	1280.000 	1270.000 	1293.000 	1268.000 	105.58K 	0.55%
Feb 23, 2016 	1273.000 	1269.000 	1273.000 	1263.000 	42.98K 	0.95%
Feb 22, 2016 	1261.000 	1262.000 	1263.000 	1260.000 	36.10K 	0.08%
Feb 19, 2016 	1260.000 	1270.000 	1270.000 	1255.000 	134.98K 	-0.40%
Feb 18, 2016 	1265.000 	1250.000 	1265.000 	1240.000 	106.51K 	4.12%
Feb 17, 2016 	1215.000 	1235.000 	1236.000 	1214.000 	541.42K 	-1.22%
Feb 16, 2016 	1230.000 	1250.000 	1270.000 	1230.000 	92.17K 	-1.20%
Feb 15, 2016 	1245.000 	1250.000 	1260.000 	1245.000 	31.77K 	0.40%
Feb 12, 2016 	1240.000 	1235.000 	1250.000 	1234.000 	214.30K 	0.49%
Feb 11, 2016 	1234.000 	1243.000 	1244.000 	1228.000 	69.23K 	-0.72%
Feb 10, 2016 	1243.000 	1250.000 	1260.000 	1230.000 	20.40K 	-0.56%
Feb 09, 2016 	1250.000 	1258.000 	1258.000 	1230.000 	62.31K 	-1.81%
Feb 05, 2016 	1273.000 	1243.000 	1295.000 	1243.000 	215.15K 	1.84%
Feb 04, 2016 	1250.000 	1270.000 	1271.000 	1250.000 	28.73K 	0.56%
Feb 03, 2016 	1243.000 	1250.000 	1258.000 	1242.000 	134.98K 	-1.35%
Feb 02, 2016 	1260.000 	1260.000 	1279.000 	1254.000 	322.69K 	-3.00%
Feb 01, 2016 	1299.000 	1292.000 	1300.000 	1281.000 	834.46K 	0.70%
Jan 29, 2016 	1290.000 	1250.000 	1290.000 	1250.000 	261.68K 	3.20%
Jan 28, 2016 	1250.000 	1250.000 	1254.000 	1245.000 	202.86K 	0.16%
Jan 27, 2016 	1248.000 	1240.000 	1250.000 	1236.000 	185.32K 	0.97%
Jan 26, 2016 	1236.000 	1227.000 	1270.000 	1210.000 	245.28K 	0.24%
Jan 25, 2016 	1233.000 	1239.000 	1240.000 	1214.000 	204.06K 	0.65%
Jan 22, 2016 	1225.000 	1235.000 	1235.000 	1215.000 	248.66K 	-0.81%
Jan 21, 2016 	1235.000 	1265.000 	1265.000 	1230.000 	290.75K 	-2.37%
Jan 20, 2016 	1265.000 	1270.000 	1290.000 	1260.000 	275.58K 	-1.63%
Jan 19, 2016 	1286.000 	1286.000 	1300.000 	1286.000 	66.83K 	0.00%
Jan 18, 2016 	1286.000 	1275.000 	1295.000 	1274.000 	62.38K 	-1.08%
Jan 15, 2016 	1300.000 	1315.000 	1315.000 	1296.000 	87.04K 	0.78%
Jan 14, 2016 	1290.000 	1284.000 	1294.000 	1280.000 	131.91K 	-0.69%
Jan 13, 2016 	1299.000 	1292.000 	1312.000 	1292.000 	100.37K 	0.93%
Jan 12, 2016 	1287.000 	1292.000 	1325.000 	1287.000 	58.54K 	-0.39%
Jan 11, 2016 	1292.000 	1315.000 	1328.000 	1290.000 	324.90K 	-3.58%
Jan 08, 2016 	1340.000 	1350.000 	1350.000 	1311.000 	144.18K 	-0.74%
Jan 07, 2016 	1350.000 	1341.000 	1351.000 	1336.000 	215.62K 	0.00%
Jan 06, 2016 	1350.000 	1341.000 	1353.000 	1341.000 	176.91K 	0.60%
Jan 05, 2016 	1342.000 	1316.000 	1351.000 	1314.000 	165.98K 	1.67%
Jan 04, 2016 	1320.000 	1350.000 	1360.000 	1320.000 	78.47K 	0.00%
Dec 29, 2015 	1320.000 	1360.000 	1360.000 	1318.000 	73.35K 	-2.87%
Dec 28, 2015 	1359.000 	1326.000 	1359.000 	1326.000 	57.96K 	1.04%
Dec 23, 2015 	1345.000 	1337.000 	1351.000 	1336.000 	88.45K 	1.13%
Dec 22, 2015 	1330.000 	1260.000 	1335.000 	1260.000 	146.11K 	3.50%
Dec 21, 2015 	1285.000 	1288.000 	1303.000 	1260.000 	131.06K 	1.82%
Dec 18, 2015 	1262.000 	1240.000 	1262.000 	1220.000 	156.32K 	0.08%
Dec 17, 2015 	1261.000 	1277.000 	1295.000 	1260.000 	69.66K 	0.24%
Dec 16, 2015 	1258.000 	1255.000 	1279.000 	1255.000 	202.02K 	0.56%
Dec 15, 2015 	1251.000 	1289.000 	1289.000 	1250.000 	95.63K 	-3.70%
Dec 14, 2015 	1299.000 	1225.000 	1299.000 	1215.000 	73.32K 	6.21%
Dec 11, 2015 	1223.000 	1225.000 	1244.000 	1220.000 	69.60K 	-0.08%
Dec 10, 2015 	1224.000 	1250.000 	1250.000 	1224.000 	56.58K 	0.33%
Dec 09, 2015 	1220.000 	1242.000 	1242.000 	1219.000 	156.89K 	-2.09%
Dec 08, 2015 	1246.000 	1265.000 	1265.000 	1242.000 	92.42K 	-1.74%
Dec 07, 2015 	1268.000 	1280.000 	1280.000 	1267.000 	45.50K 	0.24%
Dec 04, 2015 	1265.000 	1284.000 	1284.000 	1255.000 	184.93K 	-1.56%
Dec 03, 2015 	1285.000 	1290.000 	1292.000 	1277.000 	76.85K 	-0.39%
Dec 02, 2015 	1290.000 	1290.000 	1295.000 	1290.000 	51.94K 	0.00%
Dec 01, 2015 	1290.000 	1290.000 	1299.000 	1277.000 	258.28K 	1.98%
Nov 27, 2015 	1265.000 	1291.000 	1291.000 	1265.000 	224.50K 	-1.94%
Nov 26, 2015 	1290.000 	1290.000 	1298.000 	1285.000 	123.05K 	-0.39%
Nov 25, 2015 	1295.000 	1295.000 	1296.000 	1288.000 	107.32K 	0.54%
Nov 24, 2015 	1288.000 	1285.000 	1290.000 	1285.000 	146.27K 	-0.23%
Nov 23, 2015 	1291.000 	1286.000 	1295.000 	1285.000 	110.27K 	0.39%
Nov 20, 2015 	1286.000 	1300.000 	1300.000 	1285.000 	230.59K 	0.08%
Nov 17, 2015 	1285.000 	1302.000 	1303.000 	1285.000 	105.86K 	-1.00%
Nov 16, 2015 	1298.000 	1307.000 	1307.000 	1285.000 	125.72K 	-2.11%
Nov 13, 2015 	1326.000 	1326.000 	1326.000 	1309.000 	86.72K 	0.23%
Nov 12, 2015 	1323.000 	1360.000 	1360.000 	1323.000 	140.90K 	0.00%
Nov 11, 2015 	1323.000 	1318.000 	1331.000 	1316.000 	149.60K 	-0.53%
Nov 10, 2015 	1330.000 	1311.000 	1332.000 	1311.000 	64.52K 	0.38%
Nov 09, 2015 	1325.000 	1340.000 	1360.000 	1312.000 	92.33K 	-2.57%
Nov 06, 2015 	1360.000 	1363.000 	1365.000 	1358.000 	134.22K 	-0.15%
Nov 05, 2015 	1362.000 	1360.000 	1369.000 	1354.000 	190.19K 	0.22%
Nov 04, 2015 	1359.000 	1368.000 	1368.000 	1347.000 	183.44K 	0.67%
Nov 03, 2015 	1350.000 	1340.000 	1365.000 	1340.000 	186.26K 	0.75%
Nov 02, 2015 	1340.000 	1330.000 	1350.000 	1310.000 	49.45K 	1.98%
Oct 30, 2015 	1314.000 	1343.000 	1343.000 	1314.000 	143.29K 	-2.23%
Oct 29, 2015 	1344.000 	1352.000 	1356.000 	1331.000 	99.86K 	-0.88%
Oct 28, 2015 	1356.000 	1374.000 	1374.000 	1340.000 	68.48K 	-1.38%
Oct 27, 2015 	1375.000 	1360.000 	1375.000 	1355.000 	37.90K 	1.10%
Oct 26, 2015 	1360.000 	1346.000 	1369.000 	1321.000 	188.69K 	2.87%
Oct 23, 2015 	1322.000 	1326.000 	1346.000 	1322.000 	117.89K 	0.08%
Oct 22, 2015 	1321.000 	1295.000 	1327.000 	1295.000 	129.57K 	-0.30%
Oct 21, 2015 	1325.000 	1325.000 	1346.000 	1320.000 	129.79K 	0.00%
Oct 20, 2015 	1325.000 	1294.000 	1325.000 	1290.000 	75.40K 	2.40%
Oct 19, 2015 	1294.000 	1296.000 	1303.000 	1290.000 	88.97K 	-0.15%
Oct 16, 2015 	1296.000 	1320.000 	1339.000 	1280.000 	442.49K 	-1.82%
Oct 15, 2015 	1320.000 	1335.000 	1335.000 	1318.000 	164.66K 	-1.27%
Oct 14, 2015 	1337.000 	1365.000 	1365.000 	1331.000 	16.82K 	0.53%
Oct 13, 2015 	1330.000 	1350.000 	1350.000 	1327.000 	93.25K 	-1.48%
Oct 12, 2015 	1350.000 	1375.000 	1376.000 	1322.000 	173.06K 	-1.53%
Oct 09, 2015 	1371.000 	1363.000 	1377.000 	1351.000 	146.13K 	0.88%
Oct 08, 2015 	1359.000 	1348.000 	1370.000 	1348.000 	302.28K 	1.27%
Oct 07, 2015 	1342.000 	1338.000 	1350.000 	1337.000 	211.73K 	-0.52%
Oct 06, 2015 	1349.000 	1340.000 	1352.000 	1340.000 	187.03K 	1.43%
Oct 05, 2015 	1330.000 	1300.000 	1346.000 	1300.000 	419.33K 	2.47%
Oct 02, 2015 	1298.000 	1300.000 	1301.000 	1295.000 	199.20K 	-0.15%
Oct 01, 2015 	1300.000 	1288.000 	1301.000 	1286.000 	223.70K 	2.77%
Sep 30, 2015 	1265.000 	1250.000 	1265.000 	1249.000 	141.41K 	1.28%
Sep 29, 2015 	1249.000 	1260.000 	1265.000 	1227.000 	142.38K 	-0.87%
Sep 28, 2015 	1260.000 	1259.000 	1280.000 	1251.000 	131.07K 	2.02%
Sep 24, 2015 	1235.000 	1234.000 	1245.000 	1220.000 	196.35K 	0.82%
Sep 23, 2015 	1225.000 	1252.000 	1255.000 	1225.000 	313.18K 	-2.47%
Sep 22, 2015 	1256.000 	1285.000 	1290.000 	1255.000 	85.14K 	-1.10%
Sep 21, 2015 	1270.000 	1300.000 	1300.000 	1257.000 	116.61K 	-2.31%
Sep 18, 2015 	1300.000 	1288.000 	1315.000 	1281.000 	375.57K 	0.93%
Sep 17, 2015 	1288.000 	1274.000 	1299.000 	1274.000 	214.03K 	1.18%
Sep 16, 2015 	1273.000 	1269.000 	1280.000 	1265.000 	186.83K 	0.39%
Sep 15, 2015 	1268.000 	1265.000 	1270.000 	1256.000 	191.96K 	0.88%
Sep 14, 2015 	1257.000 	1256.000 	1262.000 	1256.000 	144.69K 	0.00%
Sep 11, 2015 	1257.000 	1242.000 	1265.000 	1242.000 	187.37K 	0.16%
Sep 10, 2015 	1255.000 	1249.000 	1265.000 	1241.000 	389.88K 	0.48%
Sep 09, 2015 	1249.000 	1250.000 	1260.000 	1238.000 	329.14K 	0.89%
Sep 08, 2015 	1238.000 	1237.000 	1250.000 	1234.000 	75.88K 	0.08%
Sep 07, 2015 	1237.000 	1242.000 	1243.000 	1225.000 	91.42K 	-1.67%
Sep 04, 2015 	1258.000 	1259.000 	1260.000 	1255.000 	152.86K 	-0.16%
Sep 03, 2015 	1260.000 	1251.000 	1265.000 	1251.000 	479.11K 	0.80%
Sep 02, 2015 	1250.000 	1240.000 	1255.000 	1230.000 	363.04K 	-1.57%
Sep 01, 2015 	1270.000 	1268.000 	1276.000 	1265.000 	644.85K 	0.00%
Aug 28, 2015 	1270.000 	1240.000 	1270.000 	1225.000 	417.39K 	3.25%
Aug 27, 2015 	1230.000 	1200.000 	1243.000 	1190.000 	562.49K 	3.36%
Aug 26, 2015 	1190.000 	1200.000 	1210.000 	1166.000 	824.07K 	0.85%
Aug 25, 2015 	1180.000 	1130.000 	1200.000 	1120.000 	359.62K 	3.87%
Aug 24, 2015 	1136.000 	1205.000 	1205.000 	1120.000 	668.67K 	-10.13%
Aug 20, 2015 	1264.000 	1289.000 	1289.000 	1255.000 	354.36K 	-2.02%
Aug 19, 2015 	1290.000 	1288.000 	1295.000 	1283.000 	354.91K 	-0.31%
Aug 18, 2015 	1294.000 	1304.000 	1305.000 	1289.000 	209.13K 	-1.22%
Aug 17, 2015 	1310.000 	1314.000 	1321.000 	1305.000 	167.87K 	-0.15%
Aug 14, 2015 	1312.000 	1318.000 	1325.000 	1312.000 	134.25K 	-0.46%
Aug 13, 2015 	1318.000 	1343.000 	1343.000 	1301.000 	523.81K 	-2.51%
Aug 12, 2015 	1352.000 	1360.000 	1360.000 	1346.000 	177.06K 	-1.31%
Aug 11, 2015 	1370.000 	1375.000 	1379.000 	1360.000 	391.18K 	-1.23%
Aug 10, 2015 	1387.000 	1388.000 	1391.000 	1375.000 	243.30K 	-0.07%
Aug 07, 2015 	1388.000 	1430.000 	1430.000 	1376.000 	167.38K 	-2.94%
Aug 06, 2015 	1430.000 	1440.000 	1449.000 	1427.000 	144.87K 	0.07%
Aug 05, 2015 	1429.000 	1400.000 	1439.000 	1394.000 	197.92K 	1.35%
Aug 04, 2015 	1410.000 	1376.000 	1419.000 	1376.000 	34.51K 	0.43%
Aug 03, 2015 	1404.000 	1409.000 	1409.000 	1372.000 	350.49K 	0.29%
Jul 31, 2015 	1400.000 	1410.000 	1410.000 	1375.000 	254.34K 	1.08%
Jul 30, 2015 	1385.000 	1356.000 	1388.000 	1356.000 	155.85K 	-0.36%
Jul 29, 2015 	1390.000 	1373.000 	1398.000 	1371.000 	117.36K 	0.65%
Jul 28, 2015 	1381.000 	1390.000 	1390.000 	1378.000 	312.50K 	-1.36%
Jul 27, 2015 	1400.000 	1396.000 	1402.000 	1393.000 	79.96K 	-0.71%
Jul 24, 2015 	1410.000 	1406.000 	1420.000 	1401.000 	172.71K 	0.28%
Jul 23, 2015 	1406.000 	1404.000 	1409.000 	1386.000 	111.44K 	-0.57%
Jul 22, 2015 	1414.000 	1378.000 	1414.000 	1378.000 	278.97K 	2.46%
Jul 21, 2015 	1380.000 	1374.000 	1386.000 	1374.000 	67.46K 	0.36%
Jul 20, 2015 	1375.000 	1380.000 	1392.000 	1370.000 	176.87K 	-0.36%
Jul 16, 2015 	1380.000 	1370.000 	1384.000 	1365.000 	134.23K 	0.73%
Jul 15, 2015 	1370.000 	1359.000 	1370.000 	1358.000 	85.60K 	0.37%
Jul 14, 2015 	1365.000 	1374.000 	1374.000 	1359.000 	147.53K 	0.07%
Jul 13, 2015 	1364.000 	1315.000 	1364.000 	1315.000 	27.52K 	3.73%
Jul 10, 2015 	1315.000 	1310.000 	1319.000 	1300.000 	122.36K 	0.00%
Jul 09, 2015 	1315.000 	1324.000 	1329.000 	1313.000 	319.71K 	-1.42%
Jul 08, 2015 	1334.000 	1339.000 	1339.000 	1330.000 	229.37K 	-0.37%
Jul 07, 2015 	1339.000 	1343.000 	1346.000 	1337.000 	233.61K 	-0.30%
Jul 06, 2015 	1343.000 	1350.000 	1354.000 	1343.000 	190.12K 	-0.15%
Jul 03, 2015 	1345.000 	1358.000 	1370.000 	1345.000 	135.00K 	-1.03%
Jul 02, 2015 	1359.000 	1380.000 	1384.000 	1352.000 	218.85K 	-1.81%
Jul 01, 2015 	1384.000 	1366.000 	1391.000 	1346.000 	79.91K 	1.32%
Jun 30, 2015 	1366.000 	1348.000 	1369.000 	1348.000 	197.00K 	0.15%
Jun 29, 2015 	1364.000 	1350.000 	1372.000 	1350.000 	177.59K 	-0.51%
Jun 26, 2015 	1371.000 	1384.000 	1384.000 	1357.000 	173.61K 	-0.07%
Jun 25, 2015 	1372.000 	1391.000 	1391.000 	1369.000 	154.64K 	-0.80%
Jun 24, 2015 	1383.000 	1384.000 	1384.000 	1365.000 	63.21K 	-0.07%
Jun 23, 2015 	1384.000 	1390.000 	1396.000 	1380.000 	199.23K 	0.29%
Jun 22, 2015 	1380.000 	1390.000 	1395.000 	1310.000 	83.29K 	-0.72%
Jun 19, 2015 	1390.000 	1380.000 	1390.000 	1368.000 	139.04K 	1.68%
Jun 18, 2015 	1367.000 	1365.000 	1386.000 	1365.000 	251.17K 	0.07%
Jun 17, 2015 	1366.000 	1380.000 	1380.000 	1358.000 	152.97K 	-0.51%
Jun 16, 2015 	1373.000 	1358.000 	1386.000 	1355.000 	336.61K 	1.33%
Jun 15, 2015 	1355.000 	1360.000 	1373.000 	1354.000 	214.98K 	0.30%
Jun 11, 2015 	1351.000 	1320.000 	1353.000 	1320.000 	319.79K 	3.84%
Jun 10, 2015 	1301.000 	1300.000 	1323.000 	1287.000 	269.60K 	0.08%
Jun 09, 2015 	1300.000 	1351.000 	1351.000 	1290.000 	278.32K 	-3.92%
Jun 08, 2015 	1353.000 	1358.000 	1358.000 	1348.000 	126.62K 	-2.31%
Jun 05, 2015 	1385.000 	1333.000 	1385.000 	1333.000 	282.70K 	2.44%
Jun 04, 2015 	1352.000 	1331.000 	1361.000 	1331.000 	107.30K 	1.65%
Jun 03, 2015 	1330.000 	1376.000 	1376.000 	1330.000 	254.79K 	-2.21%
Jun 02, 2015 	1360.000 	1380.000 	1380.000 	1340.000 	378.47K 	-1.45%
Jun 01, 2015 	1380.000 	1390.000 	1390.000 	1362.000 	506.91K 	-1.15%
May 29, 2015 	1396.000 	1385.000 	1396.000 	1371.000 	6.60M 	0.79%
May 28, 2015 	1385.000 	1421.000 	1421.000 	1365.000 	603.91K 	-1.07%
May 27, 2015 	1400.000 	1438.000 	1438.000 	1370.000 	581.86K 	-1.89%
May 26, 2015 	1427.000 	1426.000 	1439.000 	1426.000 	596.88K 	0.07%
May 25, 2015 	1426.000 	1428.000 	1440.000 	1420.000 	200.15K 	-0.14%
May 22, 2015 	1428.000 	1449.000 	1449.000 	1416.000 	220.76K 	-1.11%
May 21, 2015 	1444.000 	1449.000 	1455.000 	1439.000 	256.05K 	-0.14%
May 20, 2015 	1446.000 	1445.000 	1449.000 	1430.000 	455.96K 	1.12%
May 19, 2015 	1430.000 	1431.000 	1446.000 	1413.000 	284.10K 	-0.07%
May 18, 2015 	1431.000 	1412.000 	1438.000 	1412.000 	452.65K 	1.49%
May 15, 2015 	1410.000 	1404.000 	1417.000 	1404.000 	442.23K 	0.50%
May 14, 2015 	1403.000 	1405.000 	1410.000 	1397.000 	600.35K 	0.94%
May 13, 2015 	1390.000 	1375.000 	1405.000 	1375.000 	1.09M 	6.68%
May 12, 2015 	1303.000 	1285.000 	1310.000 	1285.000 	322.25K 	0.23%
May 11, 2015 	1300.000 	1293.000 	1306.000 	1293.000 	100.47K 	0.54%
May 08, 2015 	1293.000 	1295.000 	1305.000 	1288.000 	197.78K 	-0.15%
May 07, 2015 	1295.000 	1320.000 	1320.000 	1285.000 	278.92K 	-1.89%
May 06, 2015 	1320.000 	1320.000 	1330.000 	1305.000 	213.09K 	0.38%
May 05, 2015 	1315.000 	1285.000 	1318.000 	1285.000 	259.01K 	3.30%
May 04, 2015 	1273.000 	1264.000 	1279.000 	1254.000 	230.26K 	1.35%
Apr 30, 2015 	1256.000 	1295.000 	1297.000 	1244.000 	465.03K 	-2.26%
Apr 29, 2015 	1285.000 	1295.000 	1314.000 	1280.000 	322.66K 	-0.85%
Apr 28, 2015 	1296.000 	1326.000 	1327.000 	1290.000 	257.64K 	-3.28%
Apr 27, 2015 	1340.000 	1345.000 	1361.000 	1333.000 	125.60K 	0.15%
Apr 24, 2015 	1338.000 	1353.000 	1361.000 	1335.000 	95.86K 	-0.89%
Apr 23, 2015 	1350.000 	1292.000 	1350.000 	1292.000 	277.55K 	5.47%
Apr 22, 2015 	1280.000 	1247.000 	1280.000 	1247.000 	152.84K 	4.07%
Apr 21, 2015 	1230.000 	1255.000 	1267.000 	1218.000 	417.07K 	-1.05%
Apr 20, 2015 	1243.000 	1295.000 	1299.000 	1235.000 	491.24K 	-4.09%
Apr 17, 2015 	1296.000 	1330.000 	1332.000 	1296.000 	513.96K 	-2.56%
Apr 16, 2015 	1330.000 	1346.000 	1350.000 	1310.000 	492.20K 	-1.19%
Apr 15, 2015 	1346.000 	1370.000 	1395.000 	1312.000 	512.81K 	-1.75%
Apr 14, 2015 	1370.000 	1335.000 	1391.000 	1335.000 	315.11K 	1.93%
Apr 13, 2015 	1344.000 	1337.000 	1359.000 	1327.000 	455.36K 	0.60%
Apr 10, 2015 	1336.000 	1344.000 	1360.000 	1328.000 	328.58K 	-0.60%
Apr 08, 2015 	1344.000 	1352.000 	1360.000 	1335.000 	150.15K 	-0.15%
Apr 07, 2015 	1346.000 	1380.000 	1382.000 	1335.000 	170.79K 	-2.46%
Apr 06, 2015 	1380.000 	1380.000 	1390.000 	1378.000 	99.77K 	0.00%
Apr 01, 2015 	1380.000 	1338.000 	1380.000 	1329.000 	211.74K 	3.14%
Mar 31, 2015 	1338.000 	1325.000 	1339.000 	1318.000 	154.31K 	1.06%
Mar 30, 2015 	1324.000 	1350.000 	1350.000 	1324.000 	56.01K 	0.23%
Mar 27, 2015 	1321.000 	1331.000 	1352.000 	1321.000 	50.23K 	-0.75%
Mar 26, 2015 	1331.000 	1320.000 	1364.000 	1310.000 	238.68K 	0.83%
Mar 25, 2015 	1320.000 	1304.000 	1330.000 	1300.000 	232.00K 	1.85%
Mar 24, 2015 	1296.000 	1298.000 	1302.000 	1290.000 	211.47K 	-0.46%
Mar 23, 2015 	1302.000 	1308.000 	1319.000 	1297.000 	303.56K 	-0.46%
Mar 20, 2015 	1308.000 	1320.000 	1320.000 	1308.000 	230.34K 	-1.28%
Mar 19, 2015 	1325.000 	1325.000 	1337.000 	1322.000 	279.49K 	0.38%
Mar 18, 2015 	1320.000 	1316.000 	1350.000 	1315.000 	250.74K 	0.30%
Mar 17, 2015 	1316.000 	1330.000 	1334.000 	1300.000 	155.30K 	-1.13%
Mar 16, 2015 	1331.000 	1340.000 	1340.000 	1315.000 	169.82K 	0.08%
Mar 13, 2015 	1330.000 	1310.000 	1340.000 	1310.000 	146.91K 	1.92%
Mar 12, 2015 	1305.000 	1260.000 	1309.000 	1260.000 	249.33K 	3.57%
Mar 11, 2015 	1260.000 	1263.000 	1263.000 	1248.000 	267.97K 	-0.87%
Mar 10, 2015 	1271.000 	1274.000 	1285.000 	1264.000 	79.28K 	-0.31%
Mar 09, 2015 	1275.000 	1290.000 	1294.000 	1266.000 	144.65K 	-1.32%
Mar 06, 2015 	1292.000 	1300.000 	1308.000 	1280.000 	151.25K 	1.57%
Mar 05, 2015 	1272.000 	1287.000 	1295.000 	1272.000 	93.29K 	-0.39%
Mar 04, 2015 	1277.000 	1260.000 	1294.000 	1240.000 	88.88K 	1.43%
Mar 03, 2015 	1259.000 	1215.000 	1275.000 	1215.000 	319.77K 	3.79%
Mar 02, 2015 	1213.000 	1180.000 	1215.000 	1180.000 	88.03K 	2.80%
Feb 27, 2015 	1180.000 	1200.000 	1200.000 	1180.000 	72.22K 	-1.17%
Feb 26, 2015 	1194.000 	1198.000 	1198.000 	1187.000 	83.90K 	-0.33%
Feb 25, 2015 	1198.000 	1209.000 	1209.000 	1190.000 	105.59K 	0.00%
Feb 24, 2015 	1198.000 	1200.000 	1203.000 	1197.000 	207.72K 	-0.17%
Feb 23, 2015 	1200.000 	1205.000 	1205.000 	1199.000 	98.47K 	-0.41%
Feb 20, 2015 	1205.000 	1199.000 	1205.000 	1189.000 	62.19K 	1.18%
Feb 18, 2015 	1191.000 	1200.000 	1201.000 	1191.000 	98.14K 	-0.33%
Feb 17, 2015 	1195.000 	1200.000 	1200.000 	1190.000 	142.19K 	-0.42%
Feb 16, 2015 	1200.000 	1217.000 	1219.000 	1193.000 	133.44K 	-0.41%
Feb 13, 2015 	1205.000 	1200.000 	1220.000 	1198.000 	397.94K 	0.58%
Feb 12, 2015 	1198.000 	1195.000 	1210.000 	1180.000 	165.64K 	-0.58%
Feb 11, 2015 	1205.000 	1200.000 	1226.000 	1200.000 	334.67K 	0.42%
Feb 10, 2015 	1200.000 	1188.000 	1200.000 	1185.000 	278.42K 	1.10%
Feb 09, 2015 	1187.000 	1180.000 	1193.000 	1167.000 	228.34K 	1.02%
Feb 06, 2015 	1175.000 	1190.000 	1190.000 	1165.000 	207.47K 	-0.42%
Feb 05, 2015 	1180.000 	1200.000 	1200.000 	1178.000 	129.12K 	-2.48%
Feb 04, 2015 	1210.000 	1200.000 	1225.000 	1198.000 	438.43K 	0.83%
Feb 03, 2015 	1200.000 	1150.000 	1225.000 	1144.000 	599.36K 	1.69%
Feb 02, 2015 	1180.000 	1212.000 	1212.000 	1150.000 	229.14K 	-2.48%
Jan 30, 2015 	1210.000 	1212.000 	1212.000 	1179.000 	195.54K 	0.00%
Jan 29, 2015 	1210.000 	1193.000 	1220.000 	1193.000 	385.87K 	1.51%
Jan 28, 2015 	1192.000 	1175.000 	1192.000 	1174.000 	83.40K 	0.34%
Jan 27, 2015 	1188.000 	1175.000 	1191.000 	1174.000 	159.17K 	1.02%
Jan 26, 2015 	1176.000 	1176.000 	1186.000 	1166.000 	111.20K 	0.26%
Jan 23, 2015 	1173.000 	1170.000 	1183.000 	1167.000 	242.65K 	0.34%
Jan 22, 2015 	1169.000 	1146.000 	1170.000 	1140.000 	464.39K 	0.26%
Jan 21, 2015 	1166.000 	1178.000 	1178.000 	1100.000 	111.74K 	1.48%
Jan 20, 2015 	1149.000 	1129.000 	1173.000 	1110.000 	343.38K 	1.68%
Jan 19, 2015 	1130.000 	1100.000 	1137.000 	1100.000 	261.19K 	2.36%
Jan 14, 2015 	1104.000 	1100.000 	1120.000 	1099.000 	88.56K 	0.64%
Jan 13, 2015 	1097.000 	1100.000 	1100.000 	1095.000 	28.73K 	-0.18%
Jan 12, 2015 	1099.000 	1108.000 	1108.000 	1090.000 	151.89K 	-0.99%
Jan 09, 2015 	1110.000 	1100.000 	1131.000 	1095.000 	260.74K 	2.59%
Jan 08, 2015 	1082.000 	1080.000 	1090.000 	1079.000 	216.27K 	0.09%
Jan 07, 2015 	1081.000 	1085.000 	1085.000 	1079.000 	270.10K 	-0.37%
Jan 06, 2015 	1085.000 	1097.000 	1097.000 	1075.000 	305.92K 	-1.36%
Jan 05, 2015 	1100.000 	1040.000 	1100.000 	1040.000 	105.65K 	6.59%
Dec 29, 2014 	1032.000 	1090.000 	1123.000 	1032.000 	142.55K 	-5.32%
Dec 23, 2014 	1090.000 	1085.000 	1105.000 	1085.000 	34.00K 	0.09%
Dec 22, 2014 	1089.000 	1085.000 	1095.000 	1070.000 	36.29K 	0.37%
Dec 19, 2014 	1085.000 	1110.000 	1110.000 	1068.000 	170.51K 	0.37%
Dec 18, 2014 	1081.000 	1101.000 	1102.000 	1065.000 	130.75K 	-0.83%
Dec 17, 2014 	1090.000 	1101.000 	1104.000 	1040.000 	240.41K 	-0.46%
Dec 16, 2014 	1095.000 	1082.000 	1110.000 	1082.000 	97.67K 	-2.23%
Dec 15, 2014 	1120.000 	1110.000 	1120.000 	1079.000 	153.20K 	0.00%
Dec 12, 2014 	1120.000 	1100.000 	1120.000 	1100.000 	137.28K 	1.82%
Dec 11, 2014 	1100.000 	1100.000 	1101.000 	1078.000 	202.94K 	-0.09%
Dec 10, 2014 	1101.000 	1090.000 	1108.000 	1075.000 	238.41K 	0.55%
Dec 09, 2014 	1095.000 	1070.000 	1110.000 	1070.000 	205.40K 	1.39%
Dec 05, 2014 	1080.000 	1089.000 	1089.000 	1072.000 	174.24K 	-0.83%
Dec 04, 2014 	1089.000 	1088.000 	1089.000 	1078.000 	299.62K 	0.46%
Dec 03, 2014 	1084.000 	1080.000 	1086.000 	1076.000 	285.78K 	1.40%
Dec 02, 2014 	1069.000 	1078.000 	1096.000 	1052.000 	234.42K 	1.33%
Dec 01, 2014 	1055.000 	1080.000 	1095.000 	1055.000 	147.18K 	-2.31%
Nov 28, 2014 	1080.000 	1077.000 	1092.000 	1070.000 	47.64K 	0.93%
Nov 27, 2014 	1070.000 	1078.000 	1078.000 	1060.000 	143.43K 	-0.74%
Nov 26, 2014 	1078.000 	1089.000 	1089.000 	1073.000 	72.20K 	1.70%
Nov 25, 2014 	1060.000 	1081.000 	1098.000 	1049.000 	424.71K 	-0.47%
Nov 24, 2014 	1065.000 	1096.000 	1127.000 	1063.000 	179.11K 	-3.01%
Nov 21, 2014 	1098.000 	1100.000 	1110.000 	1095.000 	326.34K 	0.00%
Nov 20, 2014 	1098.000 	1099.000 	1103.000 	1090.000 	287.35K 	0.73%
Nov 19, 2014 	1090.000 	1135.000 	1148.000 	1090.000 	176.64K 	-3.96%
Nov 18, 2014 	1135.000 	1092.000 	1140.000 	1092.000 	141.42K 	3.94%
Nov 17, 2014 	1092.000 	1080.000 	1100.000 	1075.000 	166.98K 	1.68%
Nov 14, 2014 	1074.000 	1069.000 	1080.000 	1050.000 	262.66K 	0.47%
Nov 13, 2014 	1069.000 	1067.000 	1090.000 	1060.000 	52.03K 	1.62%
Nov 12, 2014 	1052.000 	1036.000 	1065.000 	1035.000 	446.90K 	1.84%
Nov 11, 2014 	1033.000 	1050.000 	1050.000 	1018.000 	153.70K 	-1.62%
Nov 10, 2014 	1050.000 	1038.000 	1050.000 	1030.000 	214.32K 	1.16%
Nov 07, 2014 	1038.000 	1067.000 	1067.000 	1021.000 	124.48K 	-2.99%
Nov 06, 2014 	1070.000 	1043.000 	1110.000 	1043.000 	283.25K 	2.59%
Nov 05, 2014 	1043.000 	1050.000 	1050.000 	1041.000 	103.13K 	0.29%
Nov 04, 2014 	1040.000 	1030.000 	1043.000 	1030.000 	306.13K 	1.56%
Nov 03, 2014 	1024.000 	1010.000 	1025.000 	1010.000 	529.65K 	1.39%
Oct 31, 2014 	1010.000 	1010.000 	1014.000 	1006.000 	154.45K 	0.00%
Oct 30, 2014 	1010.000 	1008.000 	1025.000 	1008.000 	233.68K 	-0.79%
Oct 29, 2014 	1018.000 	1015.000 	1029.000 	1015.000 	29.14K 	0.39%
Oct 28, 2014 	1014.000 	1033.000 	1033.000 	1004.000 	292.11K 	-0.98%
Oct 27, 2014 	1024.000 	1042.000 	1042.000 	1021.000 	296.77K 	-1.44%
Oct 24, 2014 	1039.000 	1046.000 	1047.000 	1037.000 	283.06K 	-0.86%
Oct 23, 2014 	1048.000 	1034.000 	1054.000 	1034.000 	110.68K 	-0.66%
Oct 22, 2014 	1055.000 	1075.000 	1075.000 	1049.000 	109.42K 	0.00%
Oct 21, 2014 	1055.000 	1038.000 	1068.000 	1038.000 	188.04K 	1.64%
Oct 20, 2014 	1038.000 	1030.000 	1038.000 	1030.000 	142.53K 	0.97%
Oct 17, 2014 	1028.000 	1040.000 	1040.000 	1016.000 	167.01K 	-1.15%
Oct 16, 2014 	1040.000 	1050.000 	1050.000 	1036.000 	199.11K 	-0.95%
Oct 15, 2014 	1050.000 	1052.000 	1057.000 	1049.000 	318.54K 	0.19%
Oct 14, 2014 	1048.000 	1045.000 	1050.000 	1035.000 	451.66K 	-0.19%
Oct 13, 2014 	1050.000 	1077.000 	1077.000 	1048.000 	415.18K 	-2.78%
Oct 10, 2014 	1080.000 	1080.000 	1088.000 	1060.000 	374.83K 	0.00%
Oct 09, 2014 	1080.000 	1085.000 	1090.000 	1080.000 	74.78K 	0.00%
Oct 08, 2014 	1080.000 	1063.000 	1082.000 	1063.000 	119.97K 	0.65%
Oct 07, 2014 	1073.000 	1060.000 	1089.000 	1040.000 	212.68K 	1.23%
Oct 03, 2014 	1060.000 	1034.000 	1060.000 	1034.000 	183.12K 	2.51%
Oct 02, 2014 	1034.000 	1030.000 	1036.000 	1015.000 	215.55K 	-0.10%
Oct 01, 2014 	1035.000 	1059.000 	1059.000 	1030.000 	125.56K 	-2.36%
Sep 30, 2014 	1060.000 	1030.000 	1060.000 	1030.000 	149.17K 	3.92%
Sep 29, 2014 	1020.000 	1011.000 	1030.000 	1010.000 	104.83K 	0.99%
Sep 26, 2014 	1010.000 	1027.000 	1027.000 	1002.000 	43.14K 	-1.66%
Sep 25, 2014 	1027.000 	1025.000 	1045.000 	1025.000 	193.49K 	0.20%
Sep 24, 2014 	1025.000 	1012.000 	1030.000 	1012.000 	78.73K 	1.28%
Sep 23, 2014 	1012.000 	1000.000 	1018.000 	1000.000 	65.95K 	1.20%
Sep 22, 2014 	1000.000 	981.000 	1006.000 	981.000 	199.70K 	1.94%
Sep 18, 2014 	981.000 	965.000 	981.000 	958.000 	7.96K 	0.10%
Sep 17, 2014 	980.000 	980.000 	980.000 	975.000 	87.24K 	0.36%
Sep 16, 2014 	976.500 	975.000 	980.000 	974.000 	46.91K 	0.15%
Sep 15, 2014 	975.000 	974.000 	978.500 	973.000 	108.81K 	1.56%
Sep 12, 2014 	960.000 	960.500 	974.000 	960.000 	22.02K 	0.00%
Sep 11, 2014 	960.000 	981.000 	981.000 	960.000 	98.89K 	-2.14%
Sep 10, 2014 	981.000 	981.500 	985.500 	980.000 	46.51K 	0.00%
Sep 09, 2014 	981.000 	992.000 	993.000 	980.000 	120.59K 	-1.11%
Sep 08, 2014 	992.000 	971.000 	992.500 	971.000 	149.82K 	2.27%
Sep 05, 2014 	970.000 	980.000 	980.000 	955.000 	372.28K 	0.00%
Sep 04, 2014 	970.000 	964.500 	975.000 	964.500 	63.29K 	0.57%
Sep 03, 2014 	964.500 	961.000 	965.000 	961.000 	54.06K 	0.47%
Sep 02, 2014 	960.000 	970.000 	970.000 	960.000 	120.15K 	-1.03%
Sep 01, 2014 	970.000 	950.000 	980.000 	950.000 	106.97K 	3.19%
Aug 29, 2014 	940.000 	960.000 	960.000 	925.000 	51.96K 	-0.79%
Aug 28, 2014 	947.500 	944.000 	965.000 	944.000 	131.02K 	0.37%
Aug 27, 2014 	944.000 	924.000 	945.000 	924.000 	131.25K 	2.16%
Aug 26, 2014 	924.000 	945.000 	945.000 	923.000 	136.72K 	-2.22%
Aug 22, 2014 	945.000 	970.000 	975.000 	940.000 	271.49K 	-1.56%
Aug 20, 2014 	960.000 	940.000 	965.000 	940.000 	138.45K 	1.05%
Aug 19, 2014 	950.000 	934.000 	957.000 	930.000 	303.84K 	2.70%
Aug 18, 2014 	925.000 	915.000 	925.000 	915.000 	261.98K 	1.20%
Aug 15, 2014 	914.000 	925.500 	935.000 	910.000 	71.87K 	-1.19%
Aug 14, 2014 	925.000 	897.000 	925.000 	896.500 	184.58K 	3.29%
Aug 13, 2014 	895.500 	888.500 	895.500 	887.500 	282.08K 	0.79%
Aug 12, 2014 	888.500 	886.000 	893.500 	886.000 	104.01K 	-0.17%
Aug 11, 2014 	890.000 	895.000 	895.000 	880.000 	49.42K 	-0.06%
Aug 08, 2014 	890.500 	893.000 	894.500 	890.000 	101.85K 	-0.45%
Aug 07, 2014 	894.500 	880.000 	896.000 	879.000 	38.63K 	1.30%
Aug 06, 2014 	883.000 	888.000 	888.000 	876.000 	13.12K 	-0.56%
Aug 05, 2014 	888.000 	888.000 	890.500 	887.500 	57.88K 	0.06%
Aug 04, 2014 	887.500 	890.500 	892.500 	884.500 	15.82K 	0.28%
Aug 01, 2014 	885.000 	889.500 	889.500 	880.000 	104.67K 	-0.56%
Jul 31, 2014 	890.000 	882.000 	890.000 	882.000 	193.84K 	1.14%
Jul 30, 2014 	880.000 	878.000 	880.000 	878.000 	196.79K 	0.23%
Jul 28, 2014 	878.000 	874.000 	882.000 	872.000 	99.96K 	0.40%
Jul 25, 2014 	874.500 	873.000 	875.000 	871.000 	59.70K 	0.17%
Jul 24, 2014 	873.000 	861.500 	875.000 	861.500 	21.69K 	-0.68%
Jul 23, 2014 	879.000 	885.000 	885.000 	873.000 	14.87K 	-0.17%
Jul 22, 2014 	880.500 	880.000 	881.500 	878.000 	66.11K 	0.06%
Jul 21, 2014 	880.000 	880.000 	884.000 	880.000 	47.32K 	0.00%
Jul 18, 2014 	880.000 	876.000 	880.000 	875.000 	96.26K 	0.23%
Jul 17, 2014 	878.000 	874.000 	880.500 	874.000 	368.06K 	0.80%
Jul 15, 2014 	871.000 	875.000 	875.000 	865.000 	22.48K 	-0.46%
Jul 14, 2014 	875.000 	878.000 	878.000 	870.000 	112.70K 	-0.28%
Jul 11, 2014 	877.500 	875.000 	877.500 	872.000 	123.51K 	0.40%
Jul 10, 2014 	874.000 	870.000 	874.000 	869.000 	101.50K 	1.63%
Jul 09, 2014 	860.000 	875.000 	875.000 	857.000 	34.92K 	-1.49%
Jul 08, 2014 	873.000 	865.000 	873.000 	855.000 	42.70K 	0.00%
Jul 07, 2014 	873.000 	873.500 	875.000 	870.000 	79.85K 	0.11%
Jul 04, 2014 	872.000 	866.000 	875.000 	866.000 	48.03K 	0.69%
Jul 03, 2014 	866.000 	872.000 	872.500 	860.000 	70.90K 	0.12%
Jul 02, 2014 	865.000 	860.000 	870.000 	855.000 	107.06K 	0.58%
Jul 01, 2014 	860.000 	869.500 	869.500 	853.000 	47.61K 	-1.15%
Jun 30, 2014 	870.000 	856.000 	873.000 	856.000 	239.99K 	1.64%
Jun 27, 2014 	856.000 	840.000 	858.500 	837.000 	57.13K 	1.90%
Jun 26, 2014 	840.000 	842.000 	847.000 	840.000 	464.98K 	-0.47%
Jun 25, 2014 	844.000 	851.500 	852.000 	844.000 	425.70K 	-0.88%
Jun 24, 2014 	851.500 	845.000 	852.000 	845.000 	278.88K 	0.77%
Jun 23, 2014 	845.000 	840.000 	845.000 	840.000 	161.50K 	0.00%
Jun 20, 2014 	845.000 	840.000 	860.000 	838.000 	65.55K 	0.60%
Jun 19, 2014 	840.000 	842.000 	843.000 	838.000 	143.25K 	-0.24%
Jun 18, 2014 	842.000 	856.000 	857.500 	842.000 	115.32K 	-1.52%
Jun 17, 2014 	855.000 	840.000 	857.000 	840.000 	271.43K 	-0.58%
Jun 16, 2014 	860.000 	865.500 	865.500 	860.000 	46.34K 	-0.58%
Jun 13, 2014 	865.000 	871.000 	871.000 	862.000 	149.17K 	-0.69%
Jun 11, 2014 	871.000 	865.000 	877.000 	864.500 	158.40K 	1.28%
Jun 10, 2014 	860.000 	850.000 	862.000 	850.000 	278.47K 	1.78%
Jun 09, 2014 	845.000 	860.000 	860.000 	838.000 	8.51K 	-1.74%
Jun 06, 2014 	860.000 	859.000 	860.000 	857.000 	20.61K 	0.12%
Jun 05, 2014 	859.000 	850.000 	860.000 	845.000 	87.00K 	1.06%
Jun 04, 2014 	850.000 	855.000 	855.000 	848.500 	73.98K 	-1.05%
Jun 03, 2014 	859.000 	855.500 	863.000 	855.500 	128.96K 	0.47%
Jun 02, 2014 	855.000 	845.000 	859.500 	845.000 	30.60K 	-0.06%
May 30, 2014 	855.500 	860.000 	860.000 	840.000 	63.30K 	1.18%
May 29, 2014 	845.500 	869.000 	869.000 	845.000 	121.21K 	-0.88%
May 28, 2014 	853.000 	850.000 	854.000 	850.000 	39.96K 	1.91%
May 27, 2014 	837.000 	850.000 	850.000 	833.000 	50.36K 	-1.53%
May 26, 2014 	850.000 	855.500 	856.500 	838.500 	32.83K 	-0.58%
May 23, 2014 	855.000 	850.000 	855.000 	841.500 	186.24K 	0.71%
May 22, 2014 	849.000 	849.000 	849.000 	836.000 	102.76K 	0.00%
May 21, 2014 	849.000 	850.000 	850.000 	833.000 	55.34K 	0.83%
May 20, 2014 	842.000 	848.500 	873.000 	842.000 	89.09K 	-0.71%
May 19, 2014 	848.000 	836.000 	875.000 	835.500 	74.97K 	1.50%
May 16, 2014 	835.500 	857.000 	860.000 	835.000 	150.38K 	-2.51%
May 15, 2014 	857.000 	887.000 	887.000 	857.000 	166.77K 	-3.38%
May 14, 2014 	887.000 	888.000 	890.000 	875.000 	209.27K 	-0.11%
May 13, 2014 	888.000 	876.500 	888.000 	876.500 	155.42K 	1.31%
May 12, 2014 	876.500 	869.000 	881.500 	869.000 	116.36K 	0.86%
May 09, 2014 	869.000 	868.000 	875.000 	865.000 	96.12K 	0.12%
May 08, 2014 	868.000 	872.000 	872.000 	861.000 	161.75K 	-0.74%
May 07, 2014 	874.500 	875.000 	880.000 	870.000 	273.54K 	-0.62%
May 06, 2014 	880.000 	880.500 	880.500 	870.000 	22.56K 	-0.06%
May 05, 2014 	880.500 	879.500 	881.500 	860.000 	398.25K 	0.11%
May 02, 2014 	879.500 	868.000 	879.500 	863.000 	267.27K 	1.44%
Apr 30, 2014 	867.000 	850.000 	867.000 	850.000 	223.89K 	1.17%
Apr 29, 2014 	857.000 	844.000 	859.000 	844.000 	168.28K 	0.82%
Apr 28, 2014 	850.000 	850.500 	858.000 	842.000 	84.07K 	-0.82%
Apr 25, 2014 	857.000 	857.000 	860.000 	857.000 	181.84K 	0.23%
Apr 24, 2014 	855.000 	855.000 	859.000 	850.000 	278.32K 	-0.12%
Apr 23, 2014 	856.000 	859.500 	861.000 	855.000 	292.30K 	0.23%
Apr 22, 2014 	854.000 	851.000 	860.000 	850.500 	290.59K 	0.12%
Apr 21, 2014 	853.000 	846.000 	860.000 	846.000 	104.82K 	1.01%
Apr 16, 2014 	844.500 	835.000 	845.500 	835.000 	159.80K 	1.20%
Apr 15, 2014 	834.500 	830.000 	835.000 	830.000 	83.39K 	0.72%
Apr 14, 2014 	828.500 	828.500 	829.500 	826.500 	239.67K 	0.00%
Apr 11, 2014 	828.500 	832.500 	832.500 	826.000 	167.48K 	-0.72%
Apr 10, 2014 	834.500 	820.000 	837.000 	818.000 	192.02K 	1.64%
Apr 08, 2014 	821.000 	820.500 	821.500 	820.000 	273.19K 	-1.08%
Apr 07, 2014 	830.000 	829.500 	832.000 	829.500 	241.21K 	0.06%
Apr 04, 2014 	829.500 	820.000 	836.000 	820.000 	171.77K 	1.16%
Apr 03, 2014 	820.000 	820.000 	820.000 	815.000 	153.95K 	0.00%
Apr 02, 2014 	820.000 	800.000 	823.000 	800.000 	414.93K 	2.76%
Apr 01, 2014 	798.000 	785.500 	799.000 	785.000 	249.55K 	1.59%
Mar 31, 2014 	785.500 	800.000 	805.000 	784.000 	632.14K 	-0.57%
Mar 28, 2014 	790.000 	800.000 	804.000 	785.000 	475.76K 	-1.00%
Mar 27, 2014 	798.000 	800.000 	800.000 	797.500 	251.20K 	-0.37%
Mar 26, 2014 	801.000 	801.500 	802.000 	800.000 	173.72K 	-0.06%
Mar 25, 2014 	801.500 	808.500 	808.500 	800.500 	179.41K 	-1.54%
Mar 24, 2014 	814.000 	819.000 	820.000 	808.000 	222.46K 	0.68%
Mar 21, 2014 	808.500 	826.000 	850.000 	808.500 	1.43M 	-2.12%
Mar 20, 2014 	826.000 	824.500 	828.000 	815.000 	154.72K 	-1.14%
Mar 19, 2014 	835.500 	823.000 	840.500 	823.000 	219.28K 	1.46%
Mar 18, 2014 	823.500 	813.500 	826.500 	813.500 	270.84K 	1.42%
Mar 17, 2014 	812.000 	813.000 	813.000 	808.000 	292.67K 	0.00%
Mar 14, 2014 	812.000 	800.500 	812.000 	796.500 	85.77K 	0.68%
Mar 13, 2014 	806.500 	800.500 	807.000 	800.500 	73.65K 	0.00%
Mar 12, 2014 	806.500 	804.000 	807.000 	800.000 	151.58K 	0.69%
Mar 11, 2014 	801.000 	800.500 	803.500 	795.000 	292.58K 	0.06%
Mar 10, 2014 	800.500 	804.000 	805.000 	798.500 	98.65K 	-0.31%
Mar 07, 2014 	803.000 	802.500 	808.000 	799.000 	119.75K 	0.31%
Mar 06, 2014 	800.500 	799.000 	811.000 	799.000 	510.45K 	2.30%
Mar 05, 2014 	782.500 	797.000 	797.000 	781.500 	116.68K 	-0.19%
Mar 04, 2014 	784.000 	790.000 	791.000 	783.500 	146.77K 	-1.13%
Mar 03, 2014 	793.000 	797.500 	797.500 	790.000 	76.98K 	-0.75%
Feb 28, 2014 	799.000 	797.500 	800.000 	797.000 	185.54K 	0.06%
Feb 27, 2014 	798.500 	802.000 	802.500 	797.000 	92.95K 	-0.19%
Feb 26, 2014 	800.000 	795.000 	801.000 	792.000 	201.13K 	0.25%
Feb 25, 2014 	798.000 	772.000 	801.000 	772.000 	318.80K 	1.66%
Feb 24, 2014 	785.000 	794.000 	797.000 	783.000 	91.29K 	-0.13%
Feb 21, 2014 	786.000 	794.000 	794.000 	776.000 	83.32K 	-1.01%
Feb 20, 2014 	794.000 	795.000 	796.000 	779.000 	193.22K 	0.76%
Feb 19, 2014 	788.000 	770.000 	790.000 	770.000 	165.80K 	2.20%
Feb 18, 2014 	771.000 	761.000 	771.000 	761.000 	22.06K 	1.31%
Feb 17, 2014 	761.000 	754.000 	761.000 	750.000 	78.52K 	1.74%
Feb 14, 2014 	748.000 	741.500 	752.000 	741.500 	22.61K 	0.94%
Feb 13, 2014 	741.000 	746.000 	746.000 	740.000 	206.20K 	-1.66%
Feb 12, 2014 	753.500 	743.000 	757.000 	743.000 	198.60K 	1.28%
Feb 11, 2014 	744.000 	740.000 	746.500 	740.000 	125.24K 	0.54%
Feb 10, 2014 	740.000 	749.000 	749.000 	735.000 	245.03K 	-1.20%
Feb 07, 2014 	749.000 	742.000 	751.000 	740.000 	128.02K 	1.90%
Feb 06, 2014 	735.000 	724.000 	744.000 	724.000 	106.53K 	1.52%
Feb 05, 2014 	724.000 	722.000 	734.000 	722.000 	542.77K 	0.56%
Feb 04, 2014 	720.000 	727.000 	727.000 	718.000 	344.25K 	-1.10%
Feb 03, 2014 	728.000 	744.000 	744.000 	727.500 	61.63K 	-1.69%
Jan 30, 2014 	740.500 	745.000 	745.000 	740.500 	73.47K 	-0.80%
Jan 29, 2014 	746.500 	750.000 	750.000 	743.000 	537.54K 	-0.20%
Jan 28, 2014 	748.000 	769.500 	769.500 	747.500 	380.27K 	-2.86%
Jan 27, 2014 	770.000 	780.000 	780.000 	755.000 	255.93K 	-1.28%
Jan 24, 2014 	780.000 	770.000 	780.000 	760.000 	186.66K 	0.65%
Jan 23, 2014 	775.000 	772.000 	779.000 	772.000 	137.04K 	0.78%
Jan 22, 2014 	769.000 	760.000 	769.000 	760.000 	65.36K 	1.85%
Jan 21, 2014 	755.000 	761.000 	761.000 	755.000 	134.40K 	-0.92%
Jan 20, 2014 	762.000 	750.000 	765.000 	750.000 	34.77K 	0.26%
Jan 17, 2014 	760.000 	760.000 	763.000 	759.500 	82.19K 	0.07%
Jan 16, 2014 	759.500 	750.000 	762.500 	750.000 	188.73K 	1.95%
Jan 15, 2014 	745.000 	740.500 	755.000 	740.500 	203.01K 	0.81%
Jan 14, 2014 	739.000 	745.000 	752.000 	739.000 	30.06K 	-0.81%
Jan 13, 2014 	745.000 	738.500 	750.500 	738.500 	79.11K 	0.88%
Jan 10, 2014 	738.500 	758.000 	758.000 	738.500 	23.23K 	-2.76%
Jan 09, 2014 	759.500 	761.000 	766.500 	757.500 	105.57K 	-0.98%
Jan 08, 2014 	767.000 	767.000 	768.000 	761.000 	115.84K 	0.00%
Jan 07, 2014 	767.000 	770.000 	770.000 	761.500 	77.22K 	0.00%
Jan 06, 2014 	767.000 	773.000 	774.500 	762.500 	22.07K 	-0.84%
Jan 03, 2014 	773.500 	772.000 	775.000 	772.000 	38.85K 	0.13%
Jan 02, 2014 	772.500 	780.000 	783.000 	772.000 	33.58K 	0.06%
Dec 27, 2013 	772.000 	775.000 	775.000 	755.000 	93.55K 	-0.77%
Dec 26, 2013 	778.000 	766.500 	782.000 	766.500 	54.20K 	-0.51%
Dec 23, 2013 	782.000 	780.000 	783.000 	760.000 	32.83K 	0.26%
Dec 20, 2013 	780.000 	792.000 	792.000 	776.000 	40.86K 	0.52%
Dec 19, 2013 	776.000 	796.500 	800.000 	776.000 	137.53K 	-2.39%
Dec 18, 2013 	795.000 	792.500 	795.000 	775.000 	43.38K 	0.32%
Dec 17, 2013 	792.500 	765.000 	792.500 	765.000 	59.79K 	4.28%
Dec 16, 2013 	760.000 	739.000 	772.500 	739.000 	145.66K 	1.47%
Dec 13, 2013 	749.000 	742.000 	749.000 	740.000 	58.63K 	0.88%
Dec 12, 2013 	742.500 	745.000 	745.000 	741.000 	286.75K 	-0.74%
Dec 11, 2013 	748.000 	754.000 	754.000 	746.000 	496.16K 	0.40%
Dec 10, 2013 	745.000 	750.000 	759.000 	744.000 	440.12K 	-0.67%
Dec 09, 2013 	750.000 	750.000 	763.500 	745.000 	175.88K 	-1.83%
Dec 06, 2013 	764.000 	760.000 	772.500 	755.000 	162.71K 	-0.52%
Dec 05, 2013 	768.000 	762.000 	770.000 	760.500 	55.06K 	-0.26%
Dec 04, 2013 	770.000 	760.000 	772.000 	760.000 	336.13K 	1.32%
Dec 03, 2013 	760.000 	756.000 	777.000 	755.000 	118.78K 	0.53%
Dec 02, 2013 	756.000 	762.000 	787.500 	756.000 	166.94K 	0.27%
Nov 29, 2013 	754.000 	763.500 	763.500 	736.000 	228.41K 	-1.24%
Nov 28, 2013 	763.500 	760.500 	790.000 	760.500 	323.61K 	0.46%
Nov 27, 2013 	760.000 	738.000 	760.000 	738.000 	281.94K 	3.54%
Nov 26, 2013 	734.000 	740.000 	741.000 	706.000 	819.03K 	-0.20%
Nov 25, 2013 	735.500 	782.500 	782.500 	730.000 	401.98K 	-5.71%
Nov 22, 2013 	780.000 	788.500 	790.000 	775.000 	158.33K 	-1.70%
Nov 21, 2013 	793.500 	800.000 	800.000 	792.000 	219.53K 	-0.19%
Nov 20, 2013 	795.000 	793.000 	799.000 	793.000 	277.69K 	0.32%
Nov 19, 2013 	792.500 	800.000 	800.000 	792.500 	560.40K 	-0.94%
Nov 18, 2013 	800.000 	819.000 	819.000 	798.000 	643.13K 	-2.32%
Nov 15, 2013 	819.000 	815.000 	828.000 	815.000 	150.93K 	0.68%
Nov 14, 2013 	813.500 	815.000 	820.000 	810.500 	115.90K 	0.43%
Nov 13, 2013 	810.000 	820.000 	820.000 	807.500 	78.21K 	-1.16%
Nov 12, 2013 	819.500 	816.000 	823.000 	816.000 	158.40K 	-1.03%
Nov 11, 2013 	828.000 	825.000 	830.000 	815.500 	23.16K 	-0.24%
Nov 08, 2013 	830.000 	830.000 	834.000 	829.500 	144.15K 	-1.83%
Nov 07, 2013 	845.500 	833.000 	858.500 	833.000 	103.90K 	1.50%
Nov 06, 2013 	833.000 	832.000 	834.000 	832.000 	216.52K 	0.12%
Nov 05, 2013 	832.000 	843.000 	843.000 	832.000 	53.39K 	-0.95%
Nov 04, 2013 	840.000 	856.000 	856.000 	840.000 	239.17K 	-1.87%
Oct 31, 2013 	856.000 	850.000 	869.500 	850.000 	24.16K 	0.71%
Oct 30, 2013 	850.000 	845.000 	857.000 	845.000 	148.19K 	0.59%
Oct 29, 2013 	845.000 	850.000 	850.000 	840.500 	391.23K 	-1.52%
Oct 25, 2013 	858.000 	863.000 	863.000 	855.000 	225.70K 	-1.04%
Oct 24, 2013 	867.000 	870.000 	870.000 	861.000 	214.43K 	-0.29%
Oct 23, 2013 	869.500 	886.500 	886.500 	867.000 	377.19K 	-1.31%
Oct 22, 2013 	881.000 	884.500 	899.000 	881.000 	150.43K 	-0.40%
Oct 21, 2013 	884.500 	859.500 	884.500 	859.500 	303.89K 	3.33%
Oct 18, 2013 	856.000 	844.000 	860.000 	835.000 	213.94K 	2.51%
Oct 17, 2013 	835.000 	820.000 	840.500 	811.500 	359.94K 	3.21%
Oct 16, 2013 	809.000 	807.000 	814.000 	805.000 	133.86K 	-0.12%
Oct 14, 2013 	810.000 	803.500 	810.000 	798.500 	67.80K 	0.81%
Oct 11, 2013 	803.500 	802.000 	806.000 	800.000 	196.98K 	1.01%
Oct 10, 2013 	795.500 	794.500 	796.000 	794.500 	363.55K 	0.13%
Oct 09, 2013 	794.500 	795.000 	800.000 	781.000 	244.57K 	-0.69%
Oct 08, 2013 	800.000 	800.000 	800.000 	796.000 	39.67K 	0.25%
Oct 07, 2013 	798.000 	799.500 	810.000 	796.000 	107.47K 	0.50%
Oct 04, 2013 	794.000 	791.500 	797.000 	780.000 	406.72K 	0.51%
Oct 03, 2013 	790.000 	795.000 	800.500 	785.000 	261.54K 	0.00%
Oct 02, 2013 	790.000 	781.000 	794.000 	780.000 	280.24K 	3.27%
Oct 01, 2013 	765.000 	764.000 	775.000 	761.500 	359.64K 	0.66%
Sep 30, 2013 	760.000 	805.000 	805.000 	760.000 	266.26K 	-5.59%
Sep 27, 2013 	805.000 	816.000 	816.000 	805.000 	195.15K 	-1.17%
Sep 26, 2013 	814.500 	825.000 	826.000 	813.000 	467.47K 	-0.06%
Sep 25, 2013 	815.000 	823.000 	825.000 	815.000 	260.66K 	-1.21%
Sep 24, 2013 	825.000 	840.000 	840.000 	820.000 	328.53K 	0.61%
Sep 23, 2013 	820.000 	820.000 	839.500 	815.000 	69.53K 	0.00%
Sep 20, 2013 	820.000 	844.000 	844.000 	820.000 	253.36K 	-2.26%
Sep 19, 2013 	839.000 	840.000 	850.000 	835.000 	201.22K 	0.90%
Sep 18, 2013 	831.500 	830.000 	838.000 	828.000 	144.32K 	0.30%
Sep 17, 2013 	829.000 	830.000 	838.000 	828.000 	243.27K 	-1.31%
Sep 16, 2013 	840.000 	806.000 	840.000 	805.500 	633.93K 	4.35%
Sep 13, 2013 	805.000 	806.000 	807.000 	800.000 	180.70K 	0.00%
Sep 12, 2013 	805.000 	804.500 	812.500 	800.000 	113.34K 	0.31%
Sep 11, 2013 	802.500 	801.000 	805.000 	800.000 	298.49K 	0.31%
Sep 10, 2013 	800.000 	767.000 	801.000 	767.000 	297.68K 	4.58%
Sep 09, 2013 	765.000 	765.000 	770.000 	760.000 	109.52K 	0.59%
Sep 06, 2013 	760.500 	775.000 	780.000 	760.000 	141.48K 	-1.11%
Sep 05, 2013 	769.000 	792.500 	792.500 	769.000 	130.82K 	-3.03%
Sep 04, 2013 	793.000 	800.000 	800.000 	791.000 	305.11K 	-0.88%
Sep 03, 2013 	800.000 	809.000 	809.000 	800.000 	130.38K 	-1.11%
Sep 02, 2013 	809.000 	775.000 	812.000 	772.000 	186.91K 	4.39%
Aug 30, 2013 	775.000 	780.000 	790.000 	770.000 	284.89K 	-0.64%
Aug 29, 2013 	780.000 	728.000 	790.000 	720.000 	615.97K 	13.04%
Aug 28, 2013 	690.000 	750.000 	750.000 	685.000 	811.96K 	-10.04%
Aug 27, 2013 	767.000 	806.000 	806.000 	767.000 	358.56K 	-6.46%
Aug 23, 2013 	820.000 	825.000 	830.000 	815.000 	246.04K 	-0.61%
Aug 22, 2013 	825.000 	850.000 	850.000 	810.000 	325.77K 	-4.62%
Aug 16, 2013 	865.000 	868.000 	868.000 	857.000 	161.88K 	-0.35%
Aug 15, 2013 	868.000 	870.500 	871.000 	866.000 	170.17K 	-0.29%
Aug 14, 2013 	870.500 	860.000 	873.000 	860.000 	113.47K 	0.69%
Aug 13, 2013 	864.500 	859.500 	866.000 	858.000 	204.97K 	0.76%
Aug 12, 2013 	858.000 	831.000 	859.000 	831.000 	130.13K 	3.37%
Aug 08, 2013 	830.000 	840.000 	840.000 	827.500 	25.36K 	0.36%
Aug 07, 2013 	827.000 	816.000 	837.500 	815.000 	151.71K 	0.12%
Aug 06, 2013 	826.000 	823.000 	827.500 	815.000 	69.07K 	-0.06%
Aug 05, 2013 	826.500 	827.000 	828.000 	826.000 	168.22K 	-0.06%
Aug 02, 2013 	827.000 	830.000 	830.000 	825.000 	120.23K 	0.24%
Aug 01, 2013 	825.000 	818.000 	828.500 	817.000 	68.88K 	0.98%
Jul 31, 2013 	817.000 	833.000 	833.000 	816.500 	78.48K 	-1.92%
Jul 30, 2013 	833.000 	830.000 	843.000 	828.000 	73.40K 	0.48%
Jul 29, 2013 	829.000 	824.000 	830.000 	824.000 	31.63K 	0.42%
Jul 26, 2013 	825.500 	829.000 	829.000 	823.000 	94.32K 	-0.30%
Jul 25, 2013 	828.000 	829.500 	830.000 	826.000 	57.28K 	0.73%
Jul 24, 2013 	822.000 	825.000 	831.000 	820.000 	67.51K 	-0.06%
Jul 23, 2013 	822.500 	816.000 	824.000 	816.000 	103.40K 	0.80%
Jul 22, 2013 	816.000 	829.000 	829.000 	816.000 	72.70K 	-1.33%
Jul 19, 2013 	827.000 	822.000 	830.000 	817.500 	172.57K 	0.61%
Jul 18, 2013 	822.000 	808.000 	825.000 	808.000 	97.20K 	1.73%
Jul 17, 2013 	808.000 	817.500 	817.500 	800.000 	159.16K 	-1.16%
Jul 16, 2013 	817.500 	822.000 	823.000 	816.500 	663.62K 	-0.55%
Jul 15, 2013 	822.000 	800.000 	825.500 	800.000 	156.73K 	2.75%
Jul 12, 2013 	800.000 	774.000 	804.000 	774.000 	272.08K 	4.17%
Jul 11, 2013 	768.000 	760.000 	773.000 	760.000 	167.67K 	1.99%
Jul 10, 2013 	753.000 	765.000 	765.000 	753.000 	92.56K 	-1.25%
Jul 09, 2013 	762.500 	777.000 	777.000 	762.000 	140.00K 	-0.85%
Jul 08, 2013 	769.000 	784.000 	784.000 	767.000 	101.62K 	-1.91%
Jul 05, 2013 	784.000 	770.000 	784.000 	770.000 	14.83K 	3.16%
Jul 04, 2013 	760.000 	754.000 	762.000 	752.500 	152.39K 	0.80%
Jul 03, 2013 	754.000 	763.000 	763.000 	751.000 	222.71K 	-2.71%
Jul 02, 2013 	775.000 	789.000 	790.000 	760.000 	116.74K 	-1.65%
Jul 01, 2013 	788.000 	790.500 	795.000 	788.000 	207.98K 	-0.88%
Jun 28, 2013 	795.000 	789.000 	797.000 	780.000 	360.65K 	1.92%
Jun 27, 2013 	780.000 	756.000 	788.000 	756.000 	230.56K 	3.86%
Jun 26, 2013 	751.000 	729.000 	753.500 	729.000 	326.96K 	4.60%
Jun 25, 2013 	718.000 	740.000 	740.000 	690.000 	563.19K 	-4.14%
Jun 24, 2013 	749.000 	759.000 	780.000 	741.000 	180.95K 	-1.83%
Jun 21, 2013 	763.000 	768.500 	799.500 	750.000 	235.37K 	-1.55%
Jun 20, 2013 	775.000 	785.000 	800.000 	775.000 	99.27K 	-4.20%
Jun 19, 2013 	809.000 	810.000 	810.000 	798.000 	118.53K 	-0.12%
Jun 18, 2013 	810.000 	794.000 	812.000 	794.000 	230.90K 	2.40%
Jun 17, 2013 	791.000 	780.000 	792.000 	780.000 	53.23K 	2.46%
Jun 14, 2013 	772.000 	750.000 	780.000 	750.000 	330.29K 	3.62%
Jun 13, 2013 	745.000 	775.000 	775.000 	736.000 	311.79K 	-5.70%
Jun 11, 2013 	790.000 	815.000 	817.000 	785.000 	649.66K 	-2.71%
Jun 10, 2013 	812.000 	783.000 	812.000 	783.000 	640.55K 	3.77%
Jun 07, 2013 	782.500 	790.000 	790.000 	773.000 	538.83K 	2.02%
Jun 06, 2013 	767.000 	765.000 	770.000 	753.000 	130.23K 	0.00%
Jun 05, 2013 	767.000 	775.000 	782.000 	767.000 	208.53K 	-1.03%
Jun 04, 2013 	775.000 	769.000 	784.500 	765.000 	406.73K 	1.44%
Jun 03, 2013 	764.000 	770.000 	777.000 	755.000 	1.62M 	1.87%
May 31, 2013 	750.000 	801.000 	806.000 	750.000 	1.00M 	-6.25%
May 30, 2013 	800.000 	842.000 	842.000 	799.000 	803.32K 	-4.76%
May 29, 2013 	840.000 	835.000 	845.000 	835.000 	236.15K 	0.00%
May 28, 2013 	840.000 	845.500 	845.500 	833.500 	47.67K 	-0.71%
May 27, 2013 	846.000 	841.500 	846.000 	829.000 	106.57K 	1.20%
May 24, 2013 	836.000 	830.000 	850.000 	830.000 	76.08K 	0.66%
May 23, 2013 	830.500 	848.000 	850.000 	830.000 	341.92K 	-1.72%
May 22, 2013 	845.000 	850.000 	854.000 	839.000 	510.54K 	-0.59%
May 21, 2013 	850.000 	856.000 	856.000 	849.000 	460.43K 	-0.70%
May 20, 2013 	856.000 	855.000 	860.000 	854.000 	138.10K 	0.47%
May 17, 2013 	852.000 	855.000 	855.000 	851.500 	193.51K 	-0.23%
May 16, 2013 	854.000 	878.000 	878.000 	850.000 	314.59K 	-2.79%
May 15, 2013 	878.500 	882.500 	883.500 	878.000 	200.21K 	-0.17%
May 14, 2013 	880.000 	859.000 	880.500 	859.000 	370.60K 	2.33%
May 10, 2013 	860.000 	825.500 	868.000 	825.500 	293.90K 	4.24%
May 09, 2013 	825.000 	808.000 	825.000 	808.000 	529.19K 	2.68%
May 08, 2013 	803.500 	800.000 	807.000 	800.000 	175.70K 	1.07%
May 07, 2013 	795.000 	800.000 	804.000 	785.000 	232.70K 	-0.25%
May 06, 2013 	797.000 	792.500 	810.500 	792.500 	270.11K 	0.57%
May 03, 2013 	792.500 	792.000 	795.000 	790.000 	393.10K 	0.57%
May 02, 2013 	788.000 	790.000 	790.000 	785.000 	113.29K 	-0.38%
Apr 30, 2013 	791.000 	790.000 	795.000 	790.000 	283.08K 	0.13%
Apr 29, 2013 	790.000 	790.000 	795.000 	785.000 	102.12K 	0.00%
Apr 26, 2013 	790.000 	775.000 	790.000 	775.000 	349.45K 	1.94%
Apr 25, 2013 	775.000 	790.000 	790.000 	775.000 	160.21K 	-0.51%
Apr 24, 2013 	779.000 	790.000 	795.000 	773.500 	178.28K 	-1.14%
Apr 23, 2013 	788.000 	790.000 	791.500 	787.000 	196.67K 	-0.32%
Apr 22, 2013 	790.500 	793.000 	795.000 	785.000 	66.92K 	0.06%
Apr 19, 2013 	790.000 	770.000 	794.500 	770.000 	187.74K 	1.94%
Apr 18, 2013 	775.000 	776.000 	776.000 	764.000 	135.64K 	1.17%
Apr 17, 2013 	766.000 	775.000 	780.000 	765.000 	100.14K 	0.13%
Apr 16, 2013 	765.000 	778.000 	778.000 	762.000 	391.71K 	-2.05%
Apr 15, 2013 	781.000 	766.000 	783.000 	766.000 	199.99K 	2.09%
Apr 12, 2013 	765.000 	790.000 	790.000 	763.000 	119.96K 	-2.30%
Apr 11, 2013 	783.000 	780.000 	788.000 	780.000 	303.75K 	1.69%
Apr 10, 2013 	770.000 	747.000 	775.500 	747.000 	244.18K 	3.08%
Apr 08, 2013 	747.000 	747.000 	749.000 	744.000 	131.97K 	-1.71%
Apr 05, 2013 	760.000 	749.000 	760.000 	740.000 	95.28K 	1.74%
Apr 04, 2013 	747.000 	755.000 	755.000 	745.000 	28.83K 	-1.65%
Apr 03, 2013 	759.500 	743.000 	761.000 	740.000 	155.68K 	2.15%
Apr 02, 2013 	743.500 	750.000 	750.000 	739.000 	89.80K 	-0.60%
Apr 01, 2013 	748.000 	748.500 	762.000 	740.000 	237.35K 	2.05%
Mar 27, 2013 	733.000 	739.000 	746.000 	730.000 	425.77K 	0.00%
Mar 26, 2013 	733.000 	732.000 	740.000 	730.500 	185.15K 	0.21%
Mar 25, 2013 	731.500 	745.000 	745.000 	730.000 	179.07K 	-0.88%
Mar 22, 2013 	738.000 	745.000 	746.000 	738.000 	89.47K 	-0.14%
Mar 21, 2013 	739.000 	739.000 	740.000 	738.000 	49.46K 	0.00%
Mar 20, 2013 	739.000 	742.000 	742.000 	730.000 	198.44K 	-0.40%
Mar 19, 2013 	742.000 	732.000 	749.000 	725.500 	121.30K 	1.23%
Mar 18, 2013 	733.000 	769.000 	769.000 	730.000 	247.88K 	-4.81%
Mar 15, 2013 	770.000 	760.000 	770.000 	758.000 	201.64K 	1.32%
Mar 14, 2013 	760.000 	761.000 	761.000 	756.000 	194.90K 	-0.13%
Mar 13, 2013 	761.000 	767.500 	767.500 	757.000 	126.77K 	-0.98%
Mar 12, 2013 	768.500 	770.000 	775.000 	765.000 	210.49K 	-0.26%
Mar 11, 2013 	770.500 	780.000 	780.500 	769.000 	267.51K 	-1.22%
Mar 08, 2013 	780.000 	758.000 	781.000 	758.000 	522.73K 	3.31%
Mar 07, 2013 	755.000 	780.000 	786.000 	750.000 	295.28K 	-2.58%
Mar 06, 2013 	775.000 	800.000 	805.000 	775.000 	224.72K 	-1.90%
Mar 05, 2013 	790.000 	800.000 	800.000 	790.000 	324.99K 	0.51%
Mar 04, 2013 	786.000 	780.000 	792.000 	775.000 	335.87K 	3.42%
Mar 01, 2013 	760.000 	748.000 	770.000 	740.000 	170.67K 	1.33%
Feb 28, 2013 	750.000 	730.000 	750.000 	730.000 	36.17K 	2.74%
Feb 27, 2013 	730.000 	733.000 	733.000 	728.000 	160.39K 	0.07%
Feb 26, 2013 	729.500 	730.000 	730.000 	724.000 	118.52K 	-0.48%
Feb 25, 2013 	733.000 	730.000 	735.000 	722.000 	104.77K 	0.83%
Feb 22, 2013 	727.000 	730.000 	730.000 	719.000 	152.43K 	-0.41%
Feb 21, 2013 	730.000 	750.000 	750.000 	730.000 	242.93K 	-3.82%
Feb 20, 2013 	759.000 	761.000 	761.000 	735.000 	84.71K 	1.20%
Feb 19, 2013 	750.000 	770.000 	770.000 	750.000 	204.49K 	-1.83%
Feb 18, 2013 	764.000 	755.000 	770.000 	750.000 	132.47K 	1.87%
Feb 15, 2013 	750.000 	720.000 	757.000 	720.000 	258.61K 	4.46%
Feb 14, 2013 	718.000 	721.000 	723.000 	715.000 	263.64K 	0.00%
Feb 13, 2013 	718.000 	724.000 	726.000 	717.000 	101.76K 	-0.83%
Feb 12, 2013 	724.000 	730.000 	730.000 	721.000 	26.27K 	-0.07%
Feb 11, 2013 	724.500 	720.000 	729.500 	720.000 	51.80K 	1.05%
Feb 08, 2013 	717.000 	737.000 	739.500 	717.000 	222.80K 	-2.45%
Feb 07, 2013 	735.000 	744.000 	755.000 	735.000 	260.70K 	-1.14%
Feb 06, 2013 	743.500 	725.000 	750.000 	725.000 	261.91K 	2.55%
Feb 05, 2013 	725.000 	720.000 	729.500 	715.000 	112.85K 	0.00%
Feb 04, 2013 	725.000 	710.000 	725.000 	710.000 	258.64K 	2.98%
Feb 01, 2013 	704.000 	692.000 	707.000 	692.000 	265.81K 	2.25%
Jan 31, 2013 	688.500 	685.000 	691.500 	685.000 	285.98K 	1.25%
Jan 30, 2013 	680.000 	685.000 	685.000 	680.000 	136.19K 	0.15%
Jan 29, 2013 	679.000 	668.000 	680.000 	668.000 	241.79K 	1.65%
Jan 28, 2013 	668.000 	670.000 	690.000 	667.000 	203.97K 	-0.30%
Jan 25, 2013 	670.000 	678.500 	678.500 	669.000 	290.80K 	-1.18%
Jan 24, 2013 	678.000 	669.500 	681.000 	669.500 	310.71K 	1.95%
Jan 23, 2013 	665.000 	667.000 	667.000 	660.000 	247.54K 	-0.15%
Jan 22, 2013 	666.000 	670.000 	671.000 	665.000 	109.59K 	-0.60%
Jan 21, 2013 	670.000 	682.000 	685.000 	669.000 	58.06K 	-1.47%
Jan 18, 2013 	680.000 	670.000 	684.000 	670.000 	608.35K 	1.95%
Jan 17, 2013 	667.000 	660.000 	673.000 	658.000 	114.29K 	1.37%
Jan 16, 2013 	658.000 	650.000 	660.000 	650.000 	214.98K 	0.46%
Jan 15, 2013 	655.000 	650.000 	660.000 	646.000 	556.49K 	0.77%
Jan 14, 2013 	650.000 	650.000 	652.000 	647.000 	454.32K 	0.78%
Jan 11, 2013 	645.000 	652.000 	660.000 	644.000 	600.05K 	-3.15%
Jan 10, 2013 	666.000 	648.000 	666.000 	645.000 	1.56M 	-0.89%
Jan 09, 2013 	672.000 	675.000 	685.000 	672.000 	110.03K 	-0.44%
Jan 08, 2013 	675.000 	694.000 	694.000 	675.000 	130.04K 	-0.74%
Jan 07, 2013 	680.000 	678.000 	694.000 	678.000 	264.33K 	0.89%
Jan 04, 2013 	674.000 	674.000 	675.000 	669.500 	183.40K 	0.00%
Jan 03, 2013 	674.000 	655.500 	674.000 	655.500 	140.86K 	3.06%
Jan 02, 2013 	654.000 	631.000 	655.500 	631.000 	228.73K 	5.48%
Dec 28, 2012 	620.000 	645.000 	645.500 	620.000 	139.87K 	-3.88%
Dec 27, 2012 	645.000 	655.500 	656.000 	645.000 	31.96K 	0.00%
Dec 26, 2012 	645.000 	645.000 	659.000 	645.000 	35.39K 	0.00%
Dec 21, 2012 	645.000 	655.000 	664.000 	645.000 	51.25K 	-1.23%
Dec 20, 2012 	653.000 	660.000 	660.000 	652.000 	80.15K 	0.46%
Dec 19, 2012 	650.000 	655.000 	660.000 	648.000 	64.11K 	0.00%
Dec 18, 2012 	650.000 	665.000 	683.500 	650.000 	134.23K 	-2.26%
Dec 17, 2012 	665.000 	677.500 	684.000 	662.000 	82.82K 	-1.85%
Dec 14, 2012 	677.500 	666.000 	683.500 	666.000 	272.98K 	1.73%
Dec 13, 2012 	666.000 	661.000 	675.000 	661.000 	65.97K 	0.91%
Dec 12, 2012 	660.000 	660.000 	670.000 	660.000 	108.00K 	0.00%
Dec 11, 2012 	660.000 	649.000 	690.000 	647.000 	115.75K 	3.04%
Dec 10, 2012 	640.500 	650.000 	650.000 	634.000 	263.87K 	-1.46%
Dec 07, 2012 	650.000 	606.000 	651.000 	606.000 	330.10K 	7.62%
Dec 06, 2012 	604.000 	595.000 	606.500 	595.000 	174.56K 	2.37%
Dec 05, 2012 	590.000 	593.000 	593.000 	580.000 	471.62K 	-0.51%
Dec 04, 2012 	593.000 	598.000 	603.500 	591.000 	132.55K 	-0.84%
Dec 03, 2012 	598.000 	604.000 	604.000 	597.000 	289.25K 	0.34%
Nov 29, 2012 	596.000 	601.000 	612.000 	596.000 	670.19K 	-0.83%
Nov 28, 2012 	601.000 	605.000 	609.500 	595.000 	1.01M 	-0.66%
Nov 27, 2012 	605.000 	590.000 	608.000 	590.000 	255.54K 	1.51%
Nov 26, 2012 	596.000 	590.000 	597.000 	590.000 	233.97K 	0.68%
Nov 23, 2012 	592.000 	589.500 	598.000 	589.500 	138.56K 	-0.34%
Nov 22, 2012 	594.000 	595.000 	600.000 	594.000 	69.37K 	-0.17%
Nov 21, 2012 	595.000 	575.000 	601.000 	575.000 	217.14K 	3.66%
Nov 20, 2012 	574.000 	575.000 	576.000 	573.500 	47.74K 	0.61%
Nov 19, 2012 	570.500 	568.000 	585.000 	568.000 	581.05K 	0.44%
Nov 16, 2012 	568.000 	554.000 	568.000 	553.500 	271.30K 	2.53%
Nov 15, 2012 	554.000 	552.500 	555.500 	550.000 	245.70K 	0.64%
Nov 14, 2012 	550.500 	549.500 	552.000 	549.500 	206.93K 	0.09%
Nov 13, 2012 	550.000 	550.000 	550.000 	548.500 	175.32K 	0.00%
Nov 12, 2012 	550.000 	542.500 	551.000 	542.500 	291.95K 	1.48%
Nov 09, 2012 	542.000 	539.500 	542.500 	538.500 	237.15K 	0.74%
Nov 08, 2012 	538.000 	540.000 	540.000 	536.000 	218.84K 	-0.55%
Nov 07, 2012 	541.000 	542.000 	544.000 	539.000 	162.06K 	-0.18%
Nov 06, 2012 	542.000 	541.000 	544.000 	540.500 	360.70K 	0.28%
Nov 05, 2012 	540.500 	540.000 	540.500 	538.000 	509.47K 	1.98%
Oct 31, 2012 	530.000 	527.000 	530.000 	525.500 	58.49K 	0.57%
Oct 30, 2012 	527.000 	522.000 	531.500 	522.000 	141.51K 	0.96%
Oct 29, 2012 	522.000 	524.000 	524.000 	522.000 	98.48K 	-0.29%
Oct 25, 2012 	523.500 	522.000 	524.000 	522.000 	62.46K 	0.29%
Oct 24, 2012 	522.000 	533.000 	533.000 	521.000 	169.67K 	-2.16%
Oct 23, 2012 	533.500 	528.000 	543.000 	528.000 	451.70K 	1.04%
Oct 22, 2012 	528.000 	537.000 	537.000 	522.000 	255.04K 	-0.94%
Oct 19, 2012 	533.000 	543.000 	544.000 	530.000 	160.73K 	-1.39%
Oct 18, 2012 	540.500 	546.000 	547.000 	540.500 	45.81K 	-1.28%
Oct 17, 2012 	547.500 	550.000 	550.000 	547.000 	176.50K 	-1.17%
Oct 16, 2012 	554.000 	547.000 	554.000 	546.500 	201.96K 	1.74%
Oct 15, 2012 	544.500 	554.500 	555.000 	543.500 	33.72K 	0.18%
Oct 12, 2012 	543.500 	545.000 	545.500 	542.500 	23.84K 	-0.73%
Oct 11, 2012 	547.500 	548.000 	549.500 	547.500 	6.80K 	-0.45%
Oct 10, 2012 	550.000 	550.000 	555.000 	540.000 	77.02K 	-0.90%
Oct 09, 2012 	555.000 	558.000 	558.000 	555.000 	184.50K 	-0.18%
Oct 08, 2012 	556.000 	556.000 	556.000 	555.000 	69.06K 	-0.18%
Oct 05, 2012 	557.000 	556.000 	558.000 	555.000 	206.11K 	-0.18%
Oct 04, 2012 	558.000 	555.000 	559.000 	555.000 	157.48K 	0.54%
Oct 03, 2012 	555.000 	553.500 	555.000 	550.000 	35.42K 	0.91%
Oct 02, 2012 	550.000 	553.500 	553.500 	546.000 	120.57K 	0.36%
Oct 01, 2012 	548.000 	545.000 	555.000 	545.000 	48.17K 	0.55%
Sep 28, 2012 	545.000 	555.000 	559.000 	545.000 	232.02K 	0.00%
Sep 27, 2012 	545.000 	554.000 	554.000 	545.000 	49.26K 	-1.62%
Sep 26, 2012 	554.000 	560.000 	560.000 	548.500 	186.80K 	0.73%
Sep 25, 2012 	550.000 	550.000 	550.500 	549.000 	51.72K 	0.92%
Sep 24, 2012 	545.000 	545.000 	549.500 	545.000 	32.88K 	-0.91%
Sep 21, 2012 	550.000 	540.000 	550.000 	540.000 	128.06K 	1.66%
Sep 20, 2012 	541.000 	545.000 	545.000 	540.000 	128.79K 	-0.73%
Sep 19, 2012 	545.000 	550.000 	565.000 	545.000 	90.45K 	-1.09%
Sep 18, 2012 	551.000 	556.000 	564.000 	549.000 	21.12K 	0.18%
Sep 17, 2012 	550.000 	563.000 	564.000 	550.000 	220.41K 	-2.31%
Sep 14, 2012 	563.000 	563.000 	565.000 	562.500 	232.91K 	0.09%
Sep 13, 2012 	562.500 	560.000 	563.000 	560.000 	97.98K 	0.45%
Sep 12, 2012 	560.000 	559.000 	562.000 	558.000 	246.02K 	0.36%
Sep 11, 2012 	558.000 	558.000 	559.000 	555.000 	93.88K 	0.00%
Sep 10, 2012 	558.000 	551.000 	564.000 	551.000 	62.86K 	1.45%
Sep 07, 2012 	550.000 	540.000 	554.000 	540.000 	210.63K 	2.14%
Sep 06, 2012 	538.500 	537.500 	540.000 	537.500 	27.08K 	0.09%
Sep 05, 2012 	538.000 	537.500 	540.000 	536.500 	314.20K 	0.09%
Sep 04, 2012 	537.500 	537.000 	540.000 	537.000 	233.08K 	0.09%
Sep 03, 2012 	537.000 	537.000 	539.500 	536.000 	27.03K 	0.00%
Aug 31, 2012 	537.000 	535.000 	538.500 	535.000 	50.19K 	0.19%
Aug 30, 2012 	536.000 	540.000 	540.000 	535.000 	53.19K 	-0.74%
Aug 29, 2012 	540.000 	536.000 	541.000 	536.000 	76.00K 	0.75%
Aug 28, 2012 	536.000 	547.000 	547.000 	536.000 	46.72K 	-1.38%
Aug 24, 2012 	543.500 	545.000 	545.000 	542.000 	79.18K 	-0.64%
Aug 23, 2012 	547.000 	538.000 	548.000 	537.000 	61.18K 	2.24%
Aug 22, 2012 	535.000 	538.000 	538.000 	532.000 	135.14K 	-0.56%
Aug 17, 2012 	538.000 	541.500 	543.500 	528.000 	68.41K 	-0.65%
Aug 16, 2012 	541.500 	548.000 	548.000 	538.000 	163.38K 	-0.37%
Aug 15, 2012 	543.500 	543.000 	547.000 	543.000 	10.85K 	0.09%
Aug 14, 2012 	543.000 	542.000 	543.500 	541.000 	16.10K 	0.09%
Aug 13, 2012 	542.500 	545.000 	545.000 	542.000 	54.03K 	0.09%
Aug 10, 2012 	542.000 	548.000 	548.000 	538.000 	94.40K 	-1.09%
Aug 09, 2012 	548.000 	550.000 	550.000 	548.000 	62.25K 	-1.08%
Aug 08, 2012 	554.000 	548.000 	556.000 	540.000 	201.77K 	1.09%
Aug 06, 2012 	548.000 	550.000 	555.000 	547.000 	49.98K 	0.00%
Aug 03, 2012 	548.000 	545.000 	549.000 	540.000 	27.55K 	0.00%
Aug 02, 2012 	548.000 	551.000 	551.000 	548.000 	132.57K 	-0.54%
Aug 01, 2012 	551.000 	546.000 	552.000 	546.000 	346.04K 	0.92%
Jul 31, 2012 	546.000 	544.500 	549.000 	541.000 	324.38K 	0.28%
Jul 30, 2012 	544.500 	538.000 	548.000 	538.000 	252.07K 	2.54%
Jul 27, 2012 	531.000 	528.000 	534.000 	528.000 	26.62K 	1.14%
Jul 26, 2012 	525.000 	528.000 	528.000 	524.500 	291.47K 	0.00%
Jul 25, 2012 	525.000 	527.000 	527.000 	525.000 	117.28K 	-0.38%
Jul 24, 2012 	527.000 	529.500 	530.000 	525.000 	99.20K 	-0.57%
Jul 23, 2012 	530.000 	538.000 	538.000 	528.500 	53.15K 	-1.49%
Jul 20, 2012 	538.000 	529.000 	543.000 	529.000 	457.19K 	1.80%
Jul 19, 2012 	528.500 	528.500 	536.000 	526.000 	263.86K 	0.48%
Jul 18, 2012 	526.000 	532.000 	535.000 	525.000 	70.78K 	-1.68%
Jul 17, 2012 	535.000 	540.000 	544.000 	535.000 	223.41K 	-0.93%
Jul 16, 2012 	540.000 	540.000 	546.000 	538.000 	335.43K 	0.93%
Jul 13, 2012 	535.000 	523.000 	542.000 	523.000 	322.77K 	0.66%
Jul 12, 2012 	531.500 	510.000 	532.000 	510.000 	856.37K 	4.83%
Jul 11, 2012 	507.000 	507.000 	507.000 	505.500 	205.22K 	-0.39%
Jul 10, 2012 	509.000 	500.000 	509.000 	499.000 	93.55K 	-0.20%
Jul 09, 2012 	510.000 	513.000 	513.000 	501.000 	30.37K 	-0.78%
Jul 06, 2012 	514.000 	513.000 	515.500 	513.000 	183.98K 	-0.39%
Jul 05, 2012 	516.000 	510.000 	516.000 	510.000 	59.89K 	0.19%
Jul 04, 2012 	515.000 	517.000 	517.000 	513.500 	157.25K 	-0.29%
Jul 03, 2012 	516.500 	510.000 	517.500 	510.000 	296.19K 	1.27%
Jul 02, 2012 	510.000 	507.000 	515.500 	507.000 	326.87K 	0.99%
Jun 29, 2012 	505.000 	505.000 	508.500 	505.000 	143.68K 	0.00%
Jun 28, 2012 	505.000 	500.000 	510.000 	500.000 	172.64K 	0.20%
Jun 27, 2012 	504.000 	484.000 	504.000 	484.000 	542.42K 	3.28%
Jun 26, 2012 	488.000 	481.400 	492.800 	481.400 	62.51K 	-0.20%
Jun 25, 2012 	489.000 	494.000 	494.000 	489.000 	7.83K 	-0.20%
Jun 22, 2012 	490.000 	492.000 	495.000 	490.000 	597.81K 	-0.81%
Jun 21, 2012 	494.000 	492.000 	495.000 	492.000 	136.13K 	0.20%
Jun 20, 2012 	493.000 	493.000 	493.600 	493.000 	146.50K 	0.16%
Jun 19, 2012 	492.200 	497.000 	497.000 	490.000 	11.47K 	-0.81%
Jun 18, 2012 	496.200 	482.200 	499.600 	482.200 	247.57K 	2.95%
Jun 15, 2012 	482.000 	482.000 	482.600 	482.000 	36.64K 	-0.41%
Jun 14, 2012 	484.000 	484.000 	487.000 	484.000 	125.23K 	-0.04%
Jun 13, 2012 	484.200 	483.000 	490.000 	483.000 	41.86K 	0.25%
Jun 11, 2012 	483.000 	479.000 	483.000 	479.000 	47.23K 	0.42%
Jun 08, 2012 	481.000 	475.200 	483.000 	475.200 	10.32K 	0.42%
Jun 07, 2012 	479.000 	478.200 	488.000 	478.200 	213.64K 	0.21%
Jun 06, 2012 	478.000 	478.000 	481.000 	477.000 	55.66K 	0.21%
Jun 05, 2012 	477.000 	476.400 	481.000 	476.400 	109.19K 	0.17%
Jun 04, 2012 	476.200 	497.000 	497.000 	476.000 	106.13K 	-4.57%
Jun 01, 2012 	499.000 	498.000 	499.600 	497.000 	148.16K 	-0.20%
May 31, 2012 	500.000 	495.000 	503.000 	482.000 	166.84K 	0.00%
May 30, 2012 	500.000 	498.000 	500.000 	495.000 	344.94K 	0.40%
May 29, 2012 	498.000 	483.200 	501.000 	481.000 	760.22K 	3.11%
May 28, 2012 	483.000 	480.000 	483.000 	478.000 	68.63K 	0.84%
May 25, 2012 	479.000 	479.000 	479.800 	478.000 	235.56K 	0.00%
May 24, 2012 	479.000 	468.000 	480.000 	468.000 	52.81K 	-0.21%
May 23, 2012 	480.000 	479.000 	480.000 	476.000 	117.01K 	1.65%
May 22, 2012 	472.200 	480.000 	490.000 	472.200 	139.72K 	0.04%
May 21, 2012 	472.000 	462.200 	478.000 	460.800 	283.66K 	1.51%
May 18, 2012 	465.000 	475.000 	475.000 	463.000 	181.16K 	-3.53%
May 17, 2012 	482.000 	475.000 	493.000 	470.000 	222.77K 	2.55%
May 16, 2012 	470.000 	470.000 	480.000 	467.000 	232.47K 	0.95%
May 15, 2012 	465.600 	470.000 	470.000 	455.400 	769.63K 	-0.94%
May 14, 2012 	470.000 	468.400 	490.000 	468.400 	210.09K 	-4.28%
May 11, 2012 	491.000 	493.380 	500.000 	490.000 	210.99K 	-0.41%
May 10, 2012 	493.000 	500.000 	501.000 	489.000 	382.22K 	-1.79%
May 09, 2012 	502.000 	503.000 	504.000 	500.500 	209.71K 	-0.20%
May 08, 2012 	503.000 	500.000 	506.000 	500.000 	182.32K 	0.60%
May 07, 2012 	500.000 	510.000 	510.000 	500.000 	408.80K 	-2.25%
May 04, 2012 	511.500 	512.000 	512.000 	501.000 	465.26K 	2.20%
May 03, 2012 	500.500 	509.000 	510.000 	494.600 	1.32M 	-1.86%
May 02, 2012 	510.000 	510.000 	515.000 	510.000 	328.12K 	0.20%
Apr 30, 2012 	509.000 	503.500 	510.000 	501.000 	200.57K 	1.29%
Apr 27, 2012 	502.500 	510.000 	510.000 	501.000 	643.19K 	-1.08%
Apr 26, 2012 	508.000 	515.000 	520.000 	506.000 	413.67K 	-0.97%
Apr 25, 2012 	513.000 	491.800 	516.500 	491.800 	1.40M 	4.44%
Apr 24, 2012 	491.200 	491.000 	492.000 	486.600 	682.83K 	-0.20%
Apr 23, 2012 	492.200 	491.000 	495.000 	490.000 	1.10M 	0.04%