May 08, 2018 	1,380.00 	1,345.00 	1,392.00 	1,345.00 	88.92K 	2.60%
May 07, 2018 	1,345.00 	1,370.00 	1,388.00 	1,336.00 	37.09K 	-1.54%
May 04, 2018 	1,366.00 	1,375.00 	1,375.00 	1,363.00 	33.54K 	0.07%
May 03, 2018 	1,365.00 	1,399.00 	1,399.00 	1,365.00 	46.50K 	-1.59%
May 02, 2018 	1,387.00 	1,418.00 	1,425.00 	1,387.00 	61.36K 	-5.19%
Apr 30, 2018 	1,463.00 	1,434.00 	1,463.00 	1,410.00 	67.35K 	2.02%
Apr 27, 2018 	1,434.00 	1,426.00 	1,448.00 	1,415.00 	47.90K 	0.28%
Apr 26, 2018 	1,430.00 	1,405.00 	1,430.00 	1,400.00 	29.77K 	1.06%
Apr 25, 2018 	1,415.00 	1,403.00 	1,420.00 	1,401.00 	50.93K 	0.86%
Apr 24, 2018 	1,403.00 	1,397.00 	1,404.00 	1,394.00 	93.17K 	0.43%
Apr 23, 2018 	1,397.00 	1,397.00 	1,400.00 	1,390.00 	31.06K 	0.14%
Apr 20, 2018 	1,395.00 	1,380.00 	1,403.00 	1,380.00 	95.00K 	1.82%
Apr 19, 2018 	1,370.00 	1,400.00 	1,415.00 	1,340.00 	233.27K 	-3.52%
Apr 18, 2018 	1,420.00 	1,400.00 	1,437.00 	1,400.00 	112.19K 	1.07%
Apr 17, 2018 	1,405.00 	1,478.00 	1,478.00 	1,380.00 	201.02K 	-2.43%
Apr 16, 2018 	1,440.00 	1,470.00 	1,475.00 	1,429.00 	31.66K 	-2.04%
Apr 13, 2018 	1,470.00 	1,476.00 	1,482.00 	1,470.00 	39.91K 	-1.34%
Apr 12, 2018 	1,490.00 	1,454.00 	1,490.00 	1,454.00 	97.05K 	2.76%
Apr 11, 2018 	1,450.00 	1,450.00 	1,463.00 	1,449.00 	72.07K 	0.55%
Apr 10, 2018 	1,442.00 	1,490.00 	1,490.00 	1,438.00 	83.55K 	-3.03%
Apr 06, 2018 	1,487.00 	1,480.00 	1,493.00 	1,480.00 	210.21K 	0.88%
Apr 05, 2018 	1,474.00 	1,485.00 	1,497.00 	1,468.00 	86.63K 	-0.54%
Apr 04, 2018 	1,482.00 	1,490.00 	1,490.00 	1,465.00 	96.99K 	0.14%
Apr 03, 2018 	1,480.00 	1,475.00 	1,495.00 	1,465.00 	166.52K 	0.68%
Apr 02, 2018 	1,470.00 	1,483.00 	1,536.00 	1,468.00 	177.08K 	0.00%
Mar 28, 2018 	1,470.00 	1,472.00 	1,550.00 	1,470.00 	197.40K 	-0.14%
Mar 27, 2018 	1,472.00 	1,470.00 	1,486.00 	1,465.00 	50.67K 	0.68%
Mar 26, 2018 	1,462.00 	1,485.00 	1,485.00 	1,452.00 	78.47K 	-2.53%
Mar 23, 2018 	1,500.00 	1,500.00 	1,500.00 	1,481.00 	97.68K 	-2.15%
Mar 22, 2018 	1,533.00 	1,480.00 	1,535.00 	1,471.00 	94.52K 	4.29%
Mar 21, 2018 	1,470.00 	1,462.00 	1,475.00 	1,462.00 	247.87K 	0.62%
Mar 20, 2018 	1,461.00 	1,520.00 	1,520.00 	1,450.00 	174.60K 	-3.94%
Mar 19, 2018 	1,521.00 	1,520.00 	1,523.00 	1,520.00 	122.71K 	0.07%
Mar 16, 2018 	1,520.00 	1,540.00 	1,545.00 	1,514.00 	284.89K 	-1.62%
Mar 15, 2018 	1,545.00 	1,540.00 	1,549.00 	1,536.00 	81.07K 	0.32%
Mar 14, 2018 	1,540.00 	1,555.00 	1,555.00 	1,518.00 	64.59K 	-1.72%
Mar 13, 2018 	1,567.00 	1,550.00 	1,567.00 	1,538.00 	48.41K 	0.45%
Mar 12, 2018 	1,560.00 	1,568.00 	1,569.00 	1,540.00 	53.90K 	1.30%
Mar 09, 2018 	1,540.00 	1,559.00 	1,567.00 	1,531.00 	23.70K 	-1.28%
Mar 08, 2018 	1,560.00 	1,530.00 	1,575.00 	1,520.00 	180.66K 	2.30%
Mar 07, 2018 	1,525.00 	1,525.00 	1,528.00 	1,520.00 	66.95K 	0.07%
Mar 06, 2018 	1,524.00 	1,528.00 	1,539.00 	1,520.00 	64.50K 	-0.65%
Mar 05, 2018 	1,534.00 	1,538.00 	1,538.00 	1,523.00 	39.14K 	-0.39%
Mar 02, 2018 	1,540.00 	1,541.00 	1,541.00 	1,522.00 	42.80K 	-0.06%
Mar 01, 2018 	1,541.00 	1,521.00 	1,560.00 	1,521.00 	49.05K 	1.38%
Feb 28, 2018 	1,520.00 	1,569.00 	1,569.00 	1,520.00 	172.04K 	-3.12%
Feb 27, 2018 	1,569.00 	1,540.00 	1,569.00 	1,540.00 	91.71K 	1.10%
Feb 26, 2018 	1,552.00 	1,551.00 	1,561.00 	1,533.00 	88.47K 	-0.89%
Feb 23, 2018 	1,566.00 	1,555.00 	1,568.00 	1,555.00 	60.62K 	-0.25%
Feb 22, 2018 	1,570.00 	1,570.00 	1,572.00 	1,553.00 	126.09K 	-0.13%
Feb 21, 2018 	1,572.00 	1,594.00 	1,594.00 	1,553.00 	93.97K 	-1.50%
Feb 20, 2018 	1,596.00 	1,557.00 	1,597.00 	1,522.00 	98.11K 	2.64%
Feb 19, 2018 	1,555.00 	1,520.00 	1,555.00 	1,520.00 	75.35K 	2.64%
Feb 15, 2018 	1,515.00 	1,555.00 	1,555.00 	1,511.00 	57.65K 	-2.57%
Feb 14, 2018 	1,555.00 	1,530.00 	1,560.00 	1,518.00 	137.05K 	-0.19%
Feb 13, 2018 	1,558.00 	1,525.00 	1,558.00 	1,503.00 	49.31K 	2.16%
Feb 12, 2018 	1,525.00 	1,520.00 	1,529.00 	1,509.00 	90.20K 	-0.33%
Feb 09, 2018 	1,530.00 	1,510.00 	1,530.00 	1,500.00 	101.00K 	-0.65%
Feb 08, 2018 	1,540.00 	1,560.00 	1,564.00 	1,529.00 	213.31K 	-1.28%
Feb 07, 2018 	1,560.00 	1,532.00 	1,567.00 	1,530.00 	165.56K 	1.96%
Feb 06, 2018 	1,530.00 	1,520.00 	1,540.00 	1,513.00 	267.40K 	-0.97%
Feb 05, 2018 	1,545.00 	1,530.00 	1,555.00 	1,510.00 	187.22K 	-0.83%
Feb 02, 2018 	1,558.00 	1,556.00 	1,567.00 	1,540.00 	47.84K 	0.13%
Feb 01, 2018 	1,556.00 	1,579.00 	1,579.00 	1,555.00 	36.65K 	-0.83%
Jan 31, 2018 	1,569.00 	1,520.00 	1,570.00 	1,520.00 	101.76K 	-0.25%
Jan 30, 2018 	1,573.00 	1,566.00 	1,580.00 	1,510.00 	161.28K 	-1.75%
Jan 29, 2018 	1,601.00 	1,580.00 	1,601.00 	1,570.00 	486.78K 	6.52%
Jan 26, 2018 	1,503.00 	1,508.00 	1,508.00 	1,480.00 	41.92K 	-0.33%
Jan 25, 2018 	1,508.00 	1,507.00 	1,509.00 	1,502.00 	83.31K 	0.07%
Jan 24, 2018 	1,507.00 	1,507.00 	1,508.00 	1,505.00 	124.06K 	0.07%
Jan 23, 2018 	1,506.00 	1,502.00 	1,515.00 	1,498.00 	181.35K 	0.27%
Jan 22, 2018 	1,502.00 	1,480.00 	1,505.00 	1,480.00 	95.29K 	1.35%
Jan 19, 2018 	1,482.00 	1,482.00 	1,485.00 	1,476.00 	100.82K 	0.07%
Jan 18, 2018 	1,481.00 	1,460.00 	1,485.00 	1,450.00 	132.32K 	1.44%
Jan 17, 2018 	1,460.00 	1,439.00 	1,460.00 	1,420.00 	139.49K 	1.96%
Jan 16, 2018 	1,432.00 	1,410.00 	1,432.00 	1,398.00 	149.55K 	2.43%
Jan 15, 2018 	1,398.00 	1,420.00 	1,440.00 	1,398.00 	71.91K 	-1.48%
Jan 12, 2018 	1,419.00 	1,408.00 	1,440.00 	1,408.00 	125.83K 	1.36%
Jan 11, 2018 	1,400.00 	1,450.00 	1,455.00 	1,394.00 	125.45K 	-3.45%
Jan 10, 2018 	1,450.00 	1,450.00 	1,450.00 	1,420.00 	107.95K 	2.18%
Jan 09, 2018 	1,419.00 	1,412.00 	1,475.00 	1,384.00 	232.97K 	0.50%
Jan 08, 2018 	1,412.00 	1,470.00 	1,475.00 	1,388.00 	269.01K 	-2.28%
Jan 05, 2018 	1,445.00 	1,480.00 	1,500.00 	1,445.00 	303.02K 	-1.70%
Jan 04, 2018 	1,470.00 	1,500.00 	1,515.00 	1,460.00 	130.81K 	-1.80%
Jan 03, 2018 	1,497.00 	1,500.00 	1,515.00 	1,495.00 	99.81K 	1.15%
Dec 29, 2017 	1,480.00 	1,485.00 	1,501.00 	1,480.00 	148.15K 	0.00%
Dec 28, 2017 	1,480.00 	1,480.00 	1,510.00 	1,475.00 	99.51K 	0.00%
Dec 27, 2017 	1,480.00 	1,487.00 	1,498.00 	1,480.00 	39.21K 	0.68%
Dec 22, 2017 	1,470.00 	1,470.00 	1,500.00 	1,468.00 	102.41K 	0.00%
Dec 21, 2017 	1,470.00 	1,485.00 	1,485.00 	1,450.00 	54.13K 	-0.68%
Dec 20, 2017 	1,480.00 	1,460.00 	1,486.00 	1,460.00 	102.01K 	2.07%
Dec 19, 2017 	1,450.00 	1,545.00 	1,550.00 	1,450.00 	214.80K 	-5.84%
Dec 18, 2017 	1,540.00 	1,500.00 	1,548.00 	1,500.00 	74.44K 	2.67%
Dec 15, 2017 	1,500.00 	1,484.00 	1,500.00 	1,484.00 	150.64K 	0.00%
Dec 14, 2017 	1,500.00 	1,479.00 	1,500.00 	1,452.00 	121.89K 	2.60%
Dec 13, 2017 	1,462.00 	1,448.00 	1,495.00 	1,447.00 	115.44K 	1.53%
Dec 12, 2017 	1,440.00 	1,448.00 	1,454.00 	1,437.00 	125.01K 	0.00%
Dec 11, 2017 	1,440.00 	1,515.00 	1,522.00 	1,437.00 	150.49K 	-4.95%
Dec 08, 2017 	1,515.00 	1,534.00 	1,534.00 	1,515.00 	90.27K 	-0.07%
Dec 07, 2017 	1,516.00 	1,498.00 	1,533.00 	1,498.00 	184.48K 	1.68%
Dec 06, 2017 	1,491.00 	1,464.00 	1,525.00 	1,461.00 	211.91K 	2.83%
Dec 05, 2017 	1,450.00 	1,459.00 	1,472.00 	1,445.00 	80.78K 	0.00%
Dec 04, 2017 	1,450.00 	1,464.00 	1,470.00 	1,450.00 	96.21K 	-0.96%
Dec 01, 2017 	1,464.00 	1,482.00 	1,500.00 	1,451.00 	183.71K 	-1.15%
Nov 29, 2017 	1,481.00 	1,510.00 	1,516.00 	1,481.00 	204.11K 	-1.27%
Nov 28, 2017 	1,500.00 	1,571.00 	1,576.00 	1,490.00 	192.94K 	-4.46%
Nov 27, 2017 	1,570.00 	1,617.00 	1,619.00 	1,550.00 	136.02K 	-1.01%
Nov 24, 2017 	1,586.00 	1,639.00 	1,639.00 	1,570.00 	210.89K 	-3.23%
Nov 23, 2017 	1,639.00 	1,634.00 	1,640.00 	1,618.00 	40.96K 	1.80%
Nov 22, 2017 	1,610.00 	1,635.00 	1,650.00 	1,610.00 	79.01K 	-1.29%
Nov 21, 2017 	1,631.00 	1,650.00 	1,656.00 	1,631.00 	119.37K 	-1.51%
Nov 20, 2017 	1,656.00 	1,664.00 	1,690.00 	1,656.00 	93.80K 	-0.24%
Nov 17, 2017 	1,660.00 	1,675.00 	1,677.00 	1,651.00 	62.04K 	0.91%
Nov 16, 2017 	1,645.00 	1,651.00 	1,691.00 	1,645.00 	240.22K 	-0.30%
Nov 15, 2017 	1,650.00 	1,650.00 	1,689.00 	1,648.00 	61.28K 	0.06%
Nov 14, 2017 	1,649.00 	1,653.00 	1,660.00 	1,638.00 	181.76K 	-0.54%
Nov 13, 2017 	1,658.00 	1,701.00 	1,705.00 	1,655.00 	172.65K 	-1.89%
Nov 10, 2017 	1,690.00 	1,712.00 	1,725.00 	1,690.00 	44.13K 	-1.46%
Nov 09, 2017 	1,715.00 	1,705.00 	1,755.00 	1,700.00 	112.61K 	0.41%
Nov 08, 2017 	1,708.00 	1,715.00 	1,715.00 	1,688.00 	52.02K 	-0.76%
Nov 07, 2017 	1,721.00 	1,714.00 	1,721.00 	1,684.00 	57.24K 	1.24%
Nov 06, 2017 	1,700.00 	1,667.00 	1,700.00 	1,667.00 	48.64K 	2.41%
Nov 03, 2017 	1,660.00 	1,720.00 	1,724.00 	1,660.00 	111.28K 	-3.49%
Nov 02, 2017 	1,720.00 	1,692.00 	1,730.00 	1,680.00 	97.46K 	0.58%
Oct 30, 2017 	1,710.00 	1,700.00 	1,710.00 	1,679.00 	73.72K 	1.85%
Oct 27, 2017 	1,679.00 	1,718.00 	1,718.00 	1,674.00 	75.08K 	-1.12%
Oct 26, 2017 	1,698.00 	1,720.00 	1,720.00 	1,684.00 	68.65K 	-1.28%
Oct 25, 2017 	1,720.00 	1,740.00 	1,762.00 	1,701.00 	73.97K 	-1.15%
Oct 24, 2017 	1,740.00 	1,708.00 	1,746.00 	1,705.00 	206.92K 	2.05%
Oct 23, 2017 	1,705.00 	1,709.00 	1,714.00 	1,690.00 	68.60K 	-0.18%
Oct 20, 2017 	1,708.00 	1,710.00 	1,710.00 	1,670.00 	274.70K 	-0.12%
Oct 19, 2017 	1,710.00 	1,697.00 	1,710.00 	1,680.00 	120.51K 	0.59%
Oct 18, 2017 	1,700.00 	1,699.00 	1,700.00 	1,678.00 	107.18K 	2.04%
Oct 17, 2017 	1,666.00 	1,641.00 	1,704.00 	1,641.00 	125.34K 	1.52%
Oct 13, 2017 	1,641.00 	1,665.00 	1,665.00 	1,638.00 	94.93K 	-1.38%
Oct 12, 2017 	1,664.00 	1,690.00 	1,695.00 	1,664.00 	97.33K 	-1.54%
Oct 11, 2017 	1,690.00 	1,714.00 	1,714.00 	1,690.00 	67.28K 	-1.29%
Oct 10, 2017 	1,712.00 	1,695.00 	1,712.00 	1,685.00 	91.90K 	1.06%
Oct 09, 2017 	1,694.00 	1,705.00 	1,705.00 	1,680.00 	88.85K 	-0.65%
Oct 06, 2017 	1,705.00 	1,705.00 	1,732.00 	1,700.00 	108.91K 	0.00%
Oct 05, 2017 	1,705.00 	1,702.00 	1,710.00 	1,699.00 	55.78K 	0.29%
Oct 04, 2017 	1,700.00 	1,662.00 	1,706.00 	1,662.00 	129.75K 	2.41%
Oct 03, 2017 	1,660.00 	1,668.00 	1,674.00 	1,652.00 	68.83K 	1.28%
Oct 02, 2017 	1,639.00 	1,658.00 	1,658.00 	1,639.00 	84.59K 	-1.74%
Sep 29, 2017 	1,668.00 	1,610.00 	1,668.00 	1,607.00 	143.74K 	3.80%
Sep 28, 2017 	1,607.00 	1,608.00 	1,625.00 	1,605.00 	198.14K 	-0.50%
Sep 27, 2017 	1,615.00 	1,620.00 	1,630.00 	1,604.00 	216.72K 	-1.22%
Sep 26, 2017 	1,635.00 	1,654.00 	1,654.00 	1,625.00 	126.08K 	-1.15%
Sep 25, 2017 	1,654.00 	1,680.00 	1,680.00 	1,654.00 	42.21K 	-1.55%
Sep 22, 2017 	1,680.00 	1,680.00 	1,682.00 	1,676.00 	65.34K 	-0.24%
Sep 21, 2017 	1,684.00 	1,675.00 	1,688.00 	1,665.00 	88.13K 	1.45%
Sep 20, 2017 	1,660.00 	1,668.00 	1,676.00 	1,660.00 	52.78K 	0.00%
Sep 19, 2017 	1,660.00 	1,704.00 	1,718.00 	1,659.00 	121.57K 	-2.58%
Sep 18, 2017 	1,704.00 	1,710.00 	1,710.00 	1,690.00 	43.26K 	0.83%
Sep 15, 2017 	1,690.00 	1,684.00 	1,705.00 	1,681.00 	206.08K 	0.36%
Sep 14, 2017 	1,684.00 	1,680.00 	1,703.00 	1,678.00 	134.30K 	0.24%
Sep 13, 2017 	1,680.00 	1,716.00 	1,716.00 	1,676.00 	67.83K 	-0.36%
Sep 11, 2017 	1,686.00 	1,695.00 	1,700.00 	1,683.00 	47.30K 	-0.53%
Sep 08, 2017 	1,695.00 	1,720.00 	1,729.00 	1,688.00 	74.76K 	-1.68%
Sep 07, 2017 	1,724.00 	1,723.00 	1,750.00 	1,721.00 	70.73K 	0.23%
Sep 06, 2017 	1,720.00 	1,740.00 	1,740.00 	1,720.00 	166.85K 	-1.99%
Sep 05, 2017 	1,755.00 	1,750.00 	1,755.00 	1,730.00 	56.95K 	0.29%
Sep 04, 2017 	1,750.00 	1,730.00 	1,750.00 	1,710.00 	67.42K 	1.16%
Aug 31, 2017 	1,730.00 	1,710.00 	1,730.00 	1,691.00 	71.80K 	1.17%
Aug 30, 2017 	1,710.00 	1,703.00 	1,715.00 	1,665.00 	105.64K 	0.59%
Aug 29, 2017 	1,700.00 	1,743.00 	1,743.00 	1,700.00 	77.19K 	-2.47%
Aug 25, 2017 	1,743.00 	1,734.00 	1,745.00 	1,734.00 	21.41K 	0.64%
Aug 24, 2017 	1,732.00 	1,730.00 	1,732.00 	1,715.00 	47.15K 	0.12%
Aug 23, 2017 	1,730.00 	1,711.00 	1,730.00 	1,711.00 	25.23K 	1.17%
Aug 22, 2017 	1,710.00 	1,728.00 	1,728.00 	1,690.00 	34.65K 	-1.27%
Aug 18, 2017 	1,732.00 	1,757.00 	1,777.00 	1,732.00 	109.99K 	-1.59%
Aug 17, 2017 	1,760.00 	1,751.00 	1,780.00 	1,743.00 	105.31K 	1.15%
Aug 16, 2017 	1,740.00 	1,740.00 	1,749.00 	1,720.00 	60.09K 	0.00%
Aug 15, 2017 	1,740.00 	1,730.00 	1,746.00 	1,726.00 	36.58K 	0.58%
Aug 14, 2017 	1,730.00 	1,734.00 	1,743.00 	1,720.00 	129.01K 	-0.57%
Aug 11, 2017 	1,740.00 	1,716.00 	1,744.00 	1,690.00 	105.47K 	1.64%
Aug 10, 2017 	1,712.00 	1,669.00 	1,717.00 	1,640.00 	216.44K 	4.71%
Aug 09, 2017 	1,635.00 	1,658.00 	1,663.00 	1,620.00 	87.48K 	-1.39%
Aug 08, 2017 	1,658.00 	1,649.00 	1,658.00 	1,641.00 	89.74K 	1.10%
Aug 07, 2017 	1,640.00 	1,638.00 	1,648.00 	1,638.00 	46.74K 	0.61%
Aug 04, 2017 	1,630.00 	1,635.00 	1,648.00 	1,615.00 	76.21K 	1.24%
Aug 03, 2017 	1,610.00 	1,621.00 	1,630.00 	1,609.00 	73.83K 	0.44%
Aug 02, 2017 	1,603.00 	1,631.00 	1,656.00 	1,603.00 	238.25K 	0.00%
Aug 01, 2017 	1,603.00 	1,636.00 	1,636.00 	1,603.00 	109.65K 	-2.08%
Jul 31, 2017 	1,637.00 	1,701.00 	1,701.00 	1,620.00 	277.75K 	-3.71%
Jul 28, 2017 	1,700.00 	1,710.00 	1,710.00 	1,693.00 	69.34K 	0.24%
Jul 27, 2017 	1,696.00 	1,709.00 	1,719.00 	1,696.00 	88.31K 	-0.76%
Jul 26, 2017 	1,709.00 	1,700.00 	1,729.00 	1,700.00 	198.27K 	0.65%
Jul 25, 2017 	1,698.00 	1,700.00 	1,703.00 	1,691.00 	115.66K 	0.47%
Jul 24, 2017 	1,690.00 	1,700.00 	1,710.00 	1,680.00 	68.36K 	-0.59%
Jul 21, 2017 	1,700.00 	1,660.00 	1,700.00 	1,655.00 	156.30K 	2.10%
Jul 20, 2017 	1,665.00 	1,685.00 	1,699.00 	1,662.00 	130.78K 	-0.89%
Jul 19, 2017 	1,680.00 	1,690.00 	1,700.00 	1,670.00 	140.96K 	0.90%
Jul 18, 2017 	1,665.00 	1,720.00 	1,730.00 	1,661.00 	171.46K 	-3.48%
Jul 17, 2017 	1,725.00 	1,736.00 	1,740.00 	1,715.00 	132.59K 	0.29%
Jul 14, 2017 	1,720.00 	1,739.00 	1,739.00 	1,699.00 	140.30K 	1.18%
Jul 13, 2017 	1,700.00 	1,745.00 	1,761.00 	1,700.00 	134.80K 	-1.51%
Jul 12, 2017 	1,726.00 	1,718.00 	1,757.00 	1,718.00 	95.40K 	0.94%
Jul 11, 2017 	1,710.00 	1,701.00 	1,727.00 	1,700.00 	135.31K 	0.53%
Jul 10, 2017 	1,701.00 	1,759.00 	1,759.00 	1,701.00 	106.39K 	-3.30%
Jul 07, 2017 	1,759.00 	1,768.00 	1,768.00 	1,755.00 	42.44K 	-0.11%
Jul 06, 2017 	1,761.00 	1,770.00 	1,770.00 	1,759.00 	203.00K 	-0.34%
Jul 05, 2017 	1,767.00 	1,770.00 	1,775.00 	1,750.00 	96.69K 	-0.17%
Jul 04, 2017 	1,770.00 	1,768.00 	1,796.00 	1,768.00 	13.09K 	0.00%
Jul 03, 2017 	1,770.00 	1,796.00 	1,796.00 	1,754.00 	97.26K 	-1.56%
Jun 30, 2017 	1,798.00 	1,794.00 	1,798.00 	1,760.00 	155.86K 	-0.11%
Jun 29, 2017 	1,800.00 	1,860.00 	1,870.00 	1,800.00 	104.31K 	-3.59%
Jun 28, 2017 	1,867.00 	1,863.00 	1,873.00 	1,854.00 	132.14K 	0.00%
Jun 27, 2017 	1,867.00 	1,827.00 	1,878.00 	1,827.00 	73.43K 	2.08%
Jun 23, 2017 	1,829.00 	1,825.00 	1,838.00 	1,820.00 	87.66K 	0.77%
Jun 22, 2017 	1,815.00 	1,825.00 	1,825.00 	1,815.00 	42.05K 	-0.55%
Jun 21, 2017 	1,825.00 	1,859.00 	1,859.00 	1,814.00 	194.47K 	-2.41%
Jun 20, 2017 	1,870.00 	1,893.00 	1,910.00 	1,860.00 	43.21K 	-1.06%
Jun 19, 2017 	1,890.00 	1,890.00 	1,900.00 	1,866.00 	103.85K 	-0.53%
Jun 16, 2017 	1,900.00 	1,920.00 	1,924.00 	1,861.00 	2.48M 	-1.04%
Jun 15, 2017 	1,920.00 	1,892.00 	1,944.00 	1,892.00 	372.52K 	0.79%
Jun 14, 2017 	1,905.00 	1,856.00 	1,915.00 	1,847.00 	232.70K 	2.97%
Jun 13, 2017 	1,850.00 	1,878.00 	1,878.00 	1,821.00 	216.89K 	-1.65%
Jun 09, 2017 	1,881.00 	1,873.00 	1,894.00 	1,870.00 	115.30K 	0.43%
Jun 08, 2017 	1,873.00 	1,897.00 	1,897.00 	1,850.00 	103.22K 	-1.42%
Jun 07, 2017 	1,900.00 	1,866.00 	1,915.00 	1,856.00 	296.60K 	1.60%
Jun 06, 2017 	1,870.00 	1,869.00 	1,880.00 	1,835.00 	215.28K 	0.11%
Jun 05, 2017 	1,868.00 	1,825.00 	1,890.00 	1,825.00 	145.72K 	2.08%
Jun 02, 2017 	1,830.00 	1,810.00 	1,860.00 	1,806.00 	397.42K 	0.77%
Jun 01, 2017 	1,816.00 	1,736.00 	1,818.00 	1,736.00 	319.08K 	5.09%
May 31, 2017 	1,728.00 	1,727.00 	1,750.00 	1,699.00 	948.90K 	-1.82%
May 30, 2017 	1,760.00 	1,755.00 	1,768.00 	1,727.00 	110.74K 	0.28%
May 29, 2017 	1,755.00 	1,740.00 	1,766.00 	1,720.00 	161.16K 	0.63%
May 26, 2017 	1,744.00 	1,710.00 	1,747.00 	1,687.00 	170.99K 	1.51%
May 25, 2017 	1,718.00 	1,655.00 	1,718.00 	1,642.00 	128.83K 	6.38%
May 24, 2017 	1,615.00 	1,620.00 	1,620.00 	1,602.00 	75.89K 	-0.92%
May 23, 2017 	1,630.00 	1,636.00 	1,638.00 	1,625.00 	103.88K 	0.18%
May 22, 2017 	1,627.00 	1,638.00 	1,640.00 	1,622.00 	95.22K 	1.06%
May 19, 2017 	1,610.00 	1,610.00 	1,618.00 	1,602.00 	101.52K 	0.00%
May 18, 2017 	1,610.00 	1,627.00 	1,630.00 	1,610.00 	108.73K 	-2.13%
May 17, 2017 	1,645.00 	1,631.00 	1,670.00 	1,621.00 	108.76K 	0.86%
May 16, 2017 	1,631.00 	1,650.00 	1,655.00 	1,621.00 	201.89K 	-2.86%
May 15, 2017 	1,679.00 	1,753.00 	1,753.00 	1,669.00 	230.88K 	-4.33%
May 12, 2017 	1,755.00 	1,720.00 	1,755.00 	1,645.00 	283.79K 	1.92%
May 11, 2017 	1,722.00 	1,765.00 	1,770.00 	1,722.00 	155.02K 	-2.44%
May 10, 2017 	1,765.00 	1,759.00 	1,767.00 	1,742.00 	176.05K 	0.00%
May 09, 2017 	1,765.00 	1,802.00 	1,808.00 	1,764.00 	127.43K 	-2.49%
May 08, 2017 	1,810.00 	1,771.00 	1,810.00 	1,768.00 	119.37K 	2.38%
May 05, 2017 	1,768.00 	1,735.00 	1,797.00 	1,735.00 	232.95K 	1.67%
May 04, 2017 	1,739.00 	1,735.00 	1,746.00 	1,728.00 	75.95K 	0.64%
May 03, 2017 	1,728.00 	1,767.00 	1,767.00 	1,710.00 	103.25K 	-0.69%
May 02, 2017 	1,740.00 	1,768.00 	1,768.00 	1,740.00 	103.23K 	-1.69%
Apr 27, 2017 	1,770.00 	1,794.00 	1,794.00 	1,759.00 	103.22K 	-1.39%
Apr 26, 2017 	1,795.00 	1,758.00 	1,795.00 	1,733.00 	129.90K 	1.70%
Apr 25, 2017 	1,765.00 	1,720.00 	1,765.00 	1,710.00 	89.95K 	2.62%
Apr 24, 2017 	1,720.00 	1,705.00 	1,722.00 	1,704.00 	45.74K 	1.30%
Apr 21, 2017 	1,698.00 	1,680.00 	1,718.00 	1,676.00 	94.97K 	1.07%
Apr 20, 2017 	1,680.00 	1,670.00 	1,680.00 	1,645.00 	118.07K 	-1.18%
Apr 19, 2017 	1,700.00 	1,770.00 	1,775.00 	1,695.00 	275.13K 	-3.41%
Apr 18, 2017 	1,760.00 	1,760.00 	1,799.00 	1,759.00 	115.78K 	0.69%
Apr 17, 2017 	1,748.00 	1,764.00 	1,769.00 	1,725.00 	81.64K 	-1.80%
Apr 12, 2017 	1,780.00 	1,771.00 	1,787.00 	1,765.00 	111.82K 	0.56%
Apr 11, 2017 	1,770.00 	1,761.00 	1,790.00 	1,761.00 	227.27K 	0.85%
Apr 10, 2017 	1,755.00 	1,743.00 	1,755.00 	1,713.00 	86.73K 	1.45%
Apr 07, 2017 	1,730.00 	1,719.00 	1,771.00 	1,717.00 	188.02K 	0.64%
Apr 06, 2017 	1,719.00 	1,745.00 	1,748.00 	1,705.00 	154.38K 	-1.55%
Apr 05, 2017 	1,746.00 	1,698.00 	1,746.00 	1,698.00 	250.72K 	3.13%
Apr 04, 2017 	1,693.00 	1,664.00 	1,698.00 	1,661.00 	199.60K 	2.11%
Apr 03, 2017 	1,658.00 	1,645.00 	1,666.00 	1,626.00 	108.28K 	0.73%
Mar 31, 2017 	1,646.00 	1,605.00 	1,647.00 	1,599.00 	208.37K 	2.49%
Mar 30, 2017 	1,606.00 	1,620.00 	1,620.00 	1,599.00 	76.59K 	-1.11%
Mar 29, 2017 	1,624.00 	1,622.00 	1,655.00 	1,605.00 	69.27K 	-0.98%
Mar 28, 2017 	1,640.00 	1,615.00 	1,640.00 	1,586.00 	119.13K 	1.30%
Mar 27, 2017 	1,619.00 	1,563.00 	1,619.00 	1,541.00 	166.84K 	3.12%
Mar 24, 2017 	1,570.00 	1,548.00 	1,570.00 	1,540.00 	68.61K 	1.62%
Mar 23, 2017 	1,545.00 	1,536.00 	1,549.00 	1,520.00 	66.22K 	1.78%
Mar 22, 2017 	1,518.00 	1,535.00 	1,535.00 	1,516.00 	83.21K 	-1.17%
Mar 21, 2017 	1,536.00 	1,540.00 	1,546.00 	1,527.00 	156.32K 	0.39%
Mar 20, 2017 	1,530.00 	1,542.00 	1,542.00 	1,502.00 	52.22K 	1.19%
Mar 17, 2017 	1,512.00 	1,529.00 	1,560.00 	1,504.00 	299.92K 	0.80%
Mar 16, 2017 	1,500.00 	1,543.00 	1,545.00 	1,500.00 	141.81K 	-1.38%
Mar 15, 2017 	1,521.00 	1,534.00 	1,559.00 	1,521.00 	180.38K 	0.00%
Mar 14, 2017 	1,521.00 	1,525.00 	1,528.00 	1,519.00 	157.55K 	-0.26%
Mar 13, 2017 	1,525.00 	1,535.00 	1,546.00 	1,521.00 	131.74K 	-0.65%
Mar 10, 2017 	1,535.00 	1,579.00 	1,579.00 	1,535.00 	117.12K 	-2.54%
Mar 09, 2017 	1,575.00 	1,552.00 	1,599.00 	1,552.00 	235.36K 	1.61%
Mar 08, 2017 	1,550.00 	1,470.00 	1,550.00 	1,469.00 	360.44K 	6.60%
Mar 07, 2017 	1,454.00 	1,470.00 	1,482.00 	1,430.00 	174.51K 	-1.09%
Mar 06, 2017 	1,470.00 	1,450.00 	1,476.00 	1,450.00 	73.65K 	1.59%
Mar 03, 2017 	1,447.00 	1,425.00 	1,463.00 	1,425.00 	70.77K 	1.54%
Mar 02, 2017 	1,425.00 	1,420.00 	1,449.00 	1,404.00 	88.93K 	1.79%
Mar 01, 2017 	1,400.00 	1,430.00 	1,431.00 	1,400.00 	106.43K 	-4.11%
Feb 28, 2017 	1,460.00 	1,419.00 	1,460.00 	1,386.00 	100.47K 	4.29%
Feb 27, 2017 	1,400.00 	1,417.00 	1,435.00 	1,400.00 	52.64K 	0.00%
Feb 24, 2017 	1,400.00 	1,418.00 	1,440.00 	1,400.00 	111.54K 	-1.27%
Feb 23, 2017 	1,418.00 	1,418.00 	1,443.00 	1,415.00 	58.14K 	0.00%
Feb 22, 2017 	1,418.00 	1,433.00 	1,449.00 	1,402.00 	104.95K 	-0.84%
Feb 21, 2017 	1,430.00 	1,463.00 	1,463.00 	1,430.00 	126.61K 	-1.85%
Feb 20, 2017 	1,457.00 	1,457.00 	1,461.00 	1,451.00 	79.18K 	0.14%
Feb 17, 2017 	1,455.00 	1,500.00 	1,500.00 	1,451.00 	110.59K 	-2.68%
Feb 16, 2017 	1,495.00 	1,455.00 	1,500.00 	1,455.00 	108.16K 	3.10%
Feb 15, 2017 	1,450.00 	1,476.00 	1,477.00 	1,450.00 	124.97K 	-1.43%
Feb 14, 2017 	1,471.00 	1,505.00 	1,505.00 	1,457.00 	144.11K 	-2.26%
Feb 13, 2017 	1,505.00 	1,514.00 	1,530.00 	1,489.00 	130.08K 	-0.99%
Feb 10, 2017 	1,520.00 	1,500.00 	1,535.00 	1,491.00 	91.80K 	0.33%
Feb 09, 2017 	1,515.00 	1,468.00 	1,535.00 	1,467.00 	362.01K 	4.41%
Feb 08, 2017 	1,451.00 	1,497.00 	1,497.00 	1,450.00 	111.81K 	-3.27%
Feb 07, 2017 	1,500.00 	1,500.00 	1,500.00 	1,480.00 	51.12K 	0.00%
Feb 06, 2017 	1,500.00 	1,481.00 	1,505.00 	1,481.00 	98.79K 	1.35%
Feb 03, 2017 	1,480.00 	1,454.00 	1,483.00 	1,454.00 	113.24K 	2.07%
Feb 02, 2017 	1,450.00 	1,470.00 	1,492.00 	1,435.00 	59.01K 	0.00%
Feb 01, 2017 	1,450.00 	1,497.00 	1,503.00 	1,440.00 	81.58K 	-1.36%
Jan 31, 2017 	1,470.00 	1,515.00 	1,516.00 	1,470.00 	54.08K 	-2.84%
Jan 30, 2017 	1,513.00 	1,490.00 	1,520.00 	1,490.00 	35.32K 	1.20%
Jan 27, 2017 	1,495.00 	1,465.00 	1,501.00 	1,464.00 	53.23K 	2.33%
Jan 26, 2017 	1,461.00 	1,488.00 	1,498.00 	1,457.00 	164.68K 	-1.95%
Jan 25, 2017 	1,490.00 	1,526.00 	1,543.00 	1,490.00 	113.85K 	-2.36%
Jan 24, 2017 	1,526.00 	1,518.00 	1,554.00 	1,504.00 	85.80K 	0.53%
Jan 23, 2017 	1,518.00 	1,491.00 	1,535.00 	1,490.00 	50.92K 	0.73%
Jan 20, 2017 	1,507.00 	1,505.00 	1,540.00 	1,490.00 	42.42K 	0.13%
Jan 19, 2017 	1,505.00 	1,480.00 	1,519.00 	1,479.00 	98.52K 	1.01%
Jan 18, 2017 	1,490.00 	1,448.00 	1,491.00 	1,448.00 	35.51K 	3.47%
Jan 17, 2017 	1,440.00 	1,485.00 	1,500.00 	1,435.00 	141.98K 	-2.83%
Jan 16, 2017 	1,482.00 	1,480.00 	1,539.00 	1,468.00 	57.64K 	0.07%
Jan 13, 2017 	1,481.00 	1,500.00 	1,507.00 	1,463.00 	196.62K 	-1.27%
Jan 12, 2017 	1,500.00 	1,565.00 	1,601.00 	1,500.00 	198.01K 	-4.15%
Jan 11, 2017 	1,565.00 	1,600.00 	1,605.00 	1,520.00 	157.28K 	-1.57%
Jan 10, 2017 	1,590.00 	1,540.00 	1,618.00 	1,540.00 	271.57K 	3.52%
Jan 09, 2017 	1,536.00 	1,475.00 	1,539.00 	1,475.00 	187.62K 	4.21%
Jan 06, 2017 	1,474.00 	1,453.00 	1,488.00 	1,452.00 	193.89K 	-0.94%
Jan 05, 2017 	1,488.00 	1,459.00 	1,516.00 	1,458.00 	220.56K 	1.71%
Jan 04, 2017 	1,463.00 	1,379.00 	1,463.00 	1,379.00 	161.57K 	6.79%
Jan 03, 2017 	1,370.00 	1,365.00 	1,378.00 	1,360.00 	100.22K 	0.37%
Dec 29, 2016 	1,365.00 	1,375.00 	1,382.00 	1,352.00 	125.62K 	0.81%
Dec 28, 2016 	1,354.00 	1,328.00 	1,354.00 	1,315.00 	43.99K 	3.36%
Dec 27, 2016 	1,310.00 	1,330.00 	1,335.00 	1,306.00 	37.35K 	-0.23%
Dec 23, 2016 	1,313.00 	1,321.00 	1,322.00 	1,306.00 	72.15K 	-2.09%
Dec 22, 2016 	1,341.00 	1,314.00 	1,341.00 	1,310.00 	48.65K 	0.37%
Dec 21, 2016 	1,336.00 	1,316.00 	1,345.00 	1,310.00 	149.73K 	2.77%
Dec 20, 2016 	1,300.00 	1,349.00 	1,349.00 	1,289.00 	102.30K 	-3.70%
Dec 19, 2016 	1,350.00 	1,348.00 	1,350.00 	1,321.00 	91.07K 	0.00%
Dec 16, 2016 	1,350.00 	1,340.00 	1,352.00 	1,335.00 	529.63K 	2.43%
Dec 15, 2016 	1,318.00 	1,339.00 	1,339.00 	1,310.00 	111.30K 	-1.57%
Dec 14, 2016 	1,339.00 	1,335.00 	1,345.00 	1,334.00 	190.76K 	1.44%
Dec 13, 2016 	1,320.00 	1,316.00 	1,332.00 	1,314.00 	164.71K 	0.46%
Dec 12, 2016 	1,314.00 	1,370.00 	1,370.00 	1,310.00 	206.12K 	-4.09%
Dec 09, 2016 	1,370.00 	1,375.00 	1,386.00 	1,349.00 	153.05K 	0.00%
Dec 08, 2016 	1,370.00 	1,327.00 	1,376.00 	1,327.00 	264.66K 	4.18%
Dec 07, 2016 	1,315.00 	1,294.00 	1,315.00 	1,290.00 	80.93K 	2.02%
Dec 06, 2016 	1,289.00 	1,283.00 	1,301.00 	1,281.00 	78.84K 	0.70%
Dec 05, 2016 	1,280.00 	1,273.00 	1,292.00 	1,260.00 	169.49K 	0.79%
Dec 02, 2016 	1270.00 	1300.00 	1300.00 	1270.00 	112.02K 	-2.31%
Dec 01, 2016 	1300.00 	1292.00 	1320.00 	1292.00 	441.84K 	2.69%
Nov 29, 2016 	1266.00 	1342.00 	1342.00 	1266.00 	1.59M 	-6.36%
Nov 28, 2016 	1352.00 	1324.00 	1352.00 	1321.00 	119.78K 	2.11%
Nov 25, 2016 	1324.00 	1323.00 	1340.00 	1320.00 	117.78K 	0.08%
Nov 24, 2016 	1323.00 	1360.00 	1360.00 	1321.00 	125.97K 	-3.08%
Nov 23, 2016 	1365.00 	1299.00 	1365.00 	1297.00 	98.33K 	5.41%
Nov 22, 2016 	1295.00 	1348.00 	1348.00 	1295.00 	166.73K 	-3.36%
Nov 21, 2016 	1340.00 	1380.00 	1381.00 	1340.00 	152.72K 	-2.83%
Nov 18, 2016 	1379.00 	1399.00 	1405.00 	1369.00 	110.38K 	-1.15%
Nov 17, 2016 	1395.00 	1375.00 	1405.00 	1360.00 	135.41K 	2.88%
Nov 16, 2016 	1356.00 	1350.00 	1380.00 	1339.00 	200.22K 	1.19%
Nov 15, 2016 	1340.00 	1351.00 	1408.00 	1340.00 	182.48K 	-0.52%
Nov 14, 2016 	1347.00 	1406.00 	1408.00 	1325.00 	173.71K 	-4.20%
Nov 11, 2016 	1406.00 	1460.00 	1462.00 	1400.00 	226.12K 	-3.96%
Nov 10, 2016 	1464.00 	1455.00 	1479.00 	1455.00 	157.58K 	1.39%
Nov 09, 2016 	1444.00 	1455.00 	1480.00 	1439.00 	212.19K 	-0.28%
Nov 08, 2016 	1448.00 	1485.00 	1504.00 	1440.00 	247.35K 	-1.50%
Nov 07, 2016 	1470.00 	1482.00 	1491.00 	1470.00 	122.59K 	-0.68%
Nov 04, 2016 	1480.00 	1459.00 	1490.00 	1458.00 	213.22K 	2.07%
Nov 03, 2016 	1450.00 	1512.00 	1514.00 	1450.00 	232.81K 	-4.10%
Nov 02, 2016 	1512.00 	1530.00 	1530.00 	1501.00 	269.64K 	-1.18%
Oct 28, 2016 	1530.00 	1574.00 	1574.00 	1511.00 	186.45K 	-1.48%
Oct 27, 2016 	1553.00 	1585.00 	1585.00 	1547.00 	151.73K 	-1.71%
Oct 26, 2016 	1580.00 	1595.00 	1600.00 	1580.00 	138.43K 	-0.94%
Oct 25, 2016 	1595.00 	1620.00 	1620.00 	1595.00 	163.07K 	-1.54%
Oct 24, 2016 	1620.00 	1645.00 	1646.00 	1615.00 	84.10K 	-1.52%
Oct 21, 2016 	1645.00 	1666.00 	1666.00 	1638.00 	143.97K 	-1.50%
Oct 20, 2016 	1670.00 	1680.00 	1696.00 	1652.00 	196.35K 	-0.60%
Oct 19, 2016 	1680.00 	1640.00 	1688.00 	1640.00 	144.43K 	2.44%
Oct 18, 2016 	1640.00 	1596.00 	1641.00 	1596.00 	198.68K 	2.82%
Oct 17, 2016 	1595.00 	1613.00 	1621.00 	1590.00 	161.60K 	-1.12%
Oct 14, 2016 	1613.00 	1598.00 	1625.00 	1598.00 	198.67K 	0.94%
Oct 13, 2016 	1598.00 	1599.00 	1615.00 	1596.00 	306.65K 	-0.25%
Oct 12, 2016 	1602.00 	1610.00 	1611.00 	1596.00 	325.52K 	-0.44%
Oct 11, 2016 	1609.00 	1604.00 	1630.00 	1604.00 	93.39K 	0.50%
Oct 10, 2016 	1601.00 	1615.00 	1620.00 	1601.00 	124.65K 	-0.56%
Oct 07, 2016 	1610.00 	1628.00 	1630.00 	1604.00 	248.19K 	-1.77%
Oct 06, 2016 	1639.00 	1657.00 	1657.00 	1627.00 	269.51K 	1.05%
Oct 05, 2016 	1622.00 	1660.00 	1660.00 	1622.00 	317.11K 	-4.59%
Oct 04, 2016 	1700.00 	1716.00 	1740.00 	1700.00 	123.28K 	-0.93%
Oct 03, 2016 	1716.00 	1715.00 	1729.00 	1712.00 	45.96K 	0.23%
Sep 30, 2016 	1712.00 	1735.00 	1737.00 	1712.00 	76.41K 	-2.17%
Sep 29, 2016 	1750.00 	1701.00 	1750.00 	1701.00 	57.92K 	2.94%
Sep 28, 2016 	1700.00 	1713.00 	1713.00 	1693.00 	57.45K 	0.00%
Sep 27, 2016 	1700.00 	1734.00 	1734.00 	1700.00 	76.64K 	-1.96%
Sep 26, 2016 	1734.00 	1750.00 	1752.00 	1713.00 	101.48K 	-1.03%
Sep 23, 2016 	1752.00 	1760.00 	1770.00 	1730.00 	170.26K 	-0.23%
Sep 22, 2016 	1756.00 	1750.00 	1765.00 	1746.00 	229.68K 	2.33%
Sep 21, 2016 	1716.00 	1737.00 	1739.00 	1706.00 	146.42K 	-1.04%
Sep 20, 2016 	1734.00 	1695.00 	1740.00 	1691.00 	126.30K 	3.15%
Sep 19, 2016 	1681.00 	1682.00 	1692.00 	1666.00 	137.90K 	0.90%
Sep 16, 2016 	1666.00 	1702.00 	1740.00 	1666.00 	584.16K 	-1.48%
Sep 15, 2016 	1691.00 	1730.00 	1730.00 	1684.00 	279.73K 	-2.82%
Sep 14, 2016 	1740.00 	1750.00 	1751.00 	1720.00 	156.03K 	-0.57%
Sep 13, 2016 	1750.00 	1800.00 	1813.00 	1750.00 	192.02K 	-2.78%
Sep 09, 2016 	1800.00 	1860.00 	1860.00 	1800.00 	137.92K 	-3.69%
Sep 08, 2016 	1869.00 	1801.00 	1869.00 	1801.00 	183.72K 	3.15%
Sep 07, 2016 	1812.00 	1830.00 	1830.00 	1798.00 	128.38K 	0.33%
Sep 06, 2016 	1806.00 	1804.00 	1825.00 	1799.00 	93.43K 	0.11%
Sep 05, 2016 	1804.00 	1811.00 	1833.00 	1804.00 	49.57K 	-0.17%
Sep 02, 2016 	1807.00 	1806.00 	1820.00 	1800.00 	100.90K 	0.39%
Sep 01, 2016 	1800.00 	1820.00 	1821.00 	1798.00 	179.37K 	-1.42%
Aug 31, 2016 	1826.00 	1820.00 	1835.00 	1795.00 	222.94K 	0.33%
Aug 30, 2016 	1820.00 	1839.00 	1842.00 	1810.00 	141.70K 	-1.36%
Aug 26, 2016 	1845.00 	1829.00 	1850.00 	1809.00 	73.04K 	0.76%
Aug 25, 2016 	1831.00 	1850.00 	1850.00 	1801.00 	71.59K 	1.67%
Aug 24, 2016 	1801.00 	1810.00 	1811.00 	1789.00 	98.71K 	0.06%
Aug 23, 2016 	1800.00 	1845.00 	1845.00 	1800.00 	96.57K 	-2.44%
Aug 22, 2016 	1845.00 	1830.00 	1848.00 	1827.00 	41.72K 	1.15%
Aug 19, 2016 	1824.00 	1820.00 	1850.00 	1798.00 	163.64K 	0.83%
Aug 18, 2016 	1809.00 	1866.00 	1868.00 	1809.00 	149.01K 	-3.26%
Aug 17, 2016 	1870.00 	1888.00 	1888.00 	1865.00 	89.85K 	-1.06%
Aug 16, 2016 	1890.00 	1871.00 	1905.00 	1871.00 	132.36K 	0.53%
Aug 15, 2016 	1880.00 	1876.00 	1880.00 	1862.00 	93.06K 	0.21%
Aug 12, 2016 	1876.00 	1880.00 	1885.00 	1858.00 	89.34K 	2.51%
Aug 11, 2016 	1830.00 	1897.00 	1897.00 	1830.00 	169.06K 	-3.99%
Aug 10, 2016 	1906.00 	1910.00 	1920.00 	1900.00 	182.54K 	0.26%
Aug 09, 2016 	1901.00 	1905.00 	1913.00 	1898.00 	121.86K 	-0.11%
Aug 08, 2016 	1903.00 	1970.00 	1970.00 	1900.00 	280.71K 	-1.91%
Aug 05, 2016 	1940.00 	1960.00 	1975.00 	1940.00 	119.01K 	-0.51%
Aug 04, 2016 	1950.00 	1881.00 	1950.00 	1880.00 	177.07K 	4.56%
Aug 03, 2016 	1865.00 	1908.00 	1908.00 	1837.00 	510.10K 	-4.94%
Aug 02, 2016 	1962.00 	2136.00 	2136.00 	1900.00 	314.58K 	-8.15%
Aug 01, 2016 	2136.00 	2104.00 	2144.00 	2092.00 	174.72K 	2.10%
Jul 29, 2016 	2092.00 	2088.00 	2110.00 	2086.00 	126.59K 	-0.85%
Jul 28, 2016 	2110.00 	2130.00 	2136.00 	2098.00 	126.94K 	-0.47%
Jul 27, 2016 	2120.00 	2090.00 	2130.00 	2084.00 	113.52K 	0.95%
Jul 26, 2016 	2100.00 	2054.00 	2112.00 	2054.00 	88.54K 	1.94%
Jul 25, 2016 	2060.00 	2070.00 	2110.00 	2056.00 	84.67K 	-0.39%
Jul 22, 2016 	2068.00 	2094.00 	2100.00 	2066.00 	124.65K 	-1.24%
Jul 21, 2016 	2094.00 	2098.00 	2100.00 	2080.00 	75.57K 	-0.19%
Jul 20, 2016 	2098.00 	2120.00 	2120.00 	2090.00 	135.42K 	-1.50%
Jul 19, 2016 	2130.00 	2124.00 	2130.00 	2116.00 	113.07K 	-0.37%
Jul 18, 2016 	2138.00 	2148.00 	2148.00 	2100.00 	98.54K 	-1.02%
Jul 15, 2016 	2160.00 	2096.00 	2160.00 	2096.00 	249.18K 	3.45%
Jul 14, 2016 	2088.00 	2080.00 	2096.00 	2074.00 	115.77K 	0.00%
Jul 13, 2016 	2088.00 	2074.00 	2100.00 	2074.00 	132.79K 	0.68%
Jul 12, 2016 	2074.00 	2096.00 	2096.00 	2072.00 	120.43K 	-0.96%
Jul 11, 2016 	2094.00 	2080.00 	2116.00 	2030.00 	127.99K 	0.00%
Jul 08, 2016 	2094.00 	2090.00 	2102.00 	2086.00 	150.72K 	0.38%
Jul 07, 2016 	2086.00 	2130.00 	2130.00 	2086.00 	171.55K 	-2.34%
Jul 05, 2016 	2136.00 	2140.00 	2170.00 	2128.00 	141.08K 	-0.19%
Jul 04, 2016 	2140.00 	2130.00 	2140.00 	2110.00 	99.68K 	0.00%
Jul 01, 2016 	2140.00 	2124.00 	2150.00 	2124.00 	48.77K 	-0.47%
Jun 30, 2016 	2150.00 	2110.00 	2150.00 	2102.00 	324.89K 	1.90%
Jun 29, 2016 	2110.00 	2056.00 	2110.00 	2050.00 	129.06K 	2.93%
Jun 28, 2016 	2050.00 	2050.00 	2070.00 	2020.00 	117.79K 	-1.44%
Jun 27, 2016 	2080.00 	2030.00 	2080.00 	2002.00 	75.67K 	1.46%
Jun 24, 2016 	2050.00 	2052.00 	2110.00 	2020.00 	108.33K 	0.00%
Jun 23, 2016 	2050.00 	2090.00 	2092.00 	2042.00 	85.98K 	-1.91%
Jun 22, 2016 	2090.00 	2118.00 	2118.00 	2082.00 	173.21K 	-1.42%
Jun 21, 2016 	2120.00 	2048.00 	2134.00 	2048.00 	292.31K 	4.43%
Jun 20, 2016 	2030.00 	2030.00 	2042.00 	2020.00 	31.89K 	0.00%
Jun 17, 2016 	2030.00 	2044.00 	2058.00 	2016.00 	344.56K 	0.40%
Jun 16, 2016 	2022.00 	2020.00 	2044.00 	2020.00 	52.65K 	1.10%
Jun 15, 2016 	2000.00 	1980.00 	2050.00 	1980.00 	42.12K 	-0.20%
Jun 14, 2016 	2004.00 	2014.00 	2014.00 	1980.00 	115.83K 	-0.60%
Jun 13, 2016 	2016.00 	2040.00 	2040.00 	1976.00 	152.72K 	-1.85%
Jun 10, 2016 	2054.00 	2064.00 	2080.00 	2050.00 	274.54K 	-0.48%
Jun 09, 2016 	2064.00 	2134.00 	2136.00 	2064.00 	201.71K 	-3.55%
Jun 08, 2016 	2140.00 	2042.00 	2144.00 	2032.00 	532.18K 	4.90%
Jun 07, 2016 	2040.00 	2002.00 	2044.00 	2002.00 	321.29K 	2.00%
Jun 06, 2016 	2000.00 	1980.00 	2030.00 	1980.00 	210.53K 	1.01%
Jun 03, 2016 	1980.00 	1960.00 	1985.00 	1955.00 	380.08K 	1.54%
Jun 02, 2016 	1950.00 	1952.00 	1997.00 	1926.00 	289.10K 	0.26%
Jun 01, 2016 	1945.00 	1925.00 	1962.00 	1920.00 	340.48K 	2.37%
May 31, 2016 	1900.00 	1970.00 	2090.00 	1900.00 	1.82M 	-0.05%
May 30, 2016 	1901.00 	1840.00 	1940.00 	1836.00 	507.44K 	9.13%
May 27, 2016 	1742.00 	1670.00 	1760.00 	1670.00 	339.23K 	4.81%
May 26, 2016 	1662.00 	1675.00 	1675.00 	1657.00 	78.75K 	0.42%
May 25, 2016 	1655.00 	1640.00 	1688.00 	1635.00 	130.29K 	1.91%
May 24, 2016 	1624.00 	1630.00 	1658.00 	1624.00 	226.40K 	-0.98%
May 23, 2016 	1640.00 	1668.00 	1668.00 	1638.00 	152.18K 	-1.20%
May 20, 2016 	1660.00 	1698.00 	1698.00 	1650.00 	191.54K 	-2.35%
May 19, 2016 	1700.00 	1715.00 	1722.00 	1700.00 	109.66K 	-1.39%
May 18, 2016 	1724.00 	1725.00 	1729.00 	1702.00 	161.15K 	-0.92%
May 17, 2016 	1740.00 	1750.00 	1750.00 	1730.00 	166.84K 	-0.06%
May 16, 2016 	1741.00 	1726.00 	1748.00 	1726.00 	116.96K 	0.87%
May 13, 2016 	1726.00 	1735.00 	1757.00 	1725.00 	184.40K 	-1.15%
May 12, 2016 	1746.00 	1760.00 	1760.00 	1699.00 	94.65K 	-0.11%
May 11, 2016 	1748.00 	1701.00 	1772.00 	1701.00 	228.12K 	3.19%
May 10, 2016 	1694.00 	1650.00 	1694.00 	1621.00 	180.95K 	2.05%
May 06, 2016 	1660.00 	1680.00 	1684.00 	1651.00 	361.70K 	-1.25%
May 05, 2016 	1681.00 	1704.00 	1709.00 	1681.00 	200.84K 	-3.94%
May 04, 2016 	1750.00 	1720.00 	1750.00 	1696.00 	66.80K 	1.69%
May 03, 2016 	1721.00 	1701.00 	1739.00 	1695.00 	128.15K 	1.83%
May 02, 2016 	1690.00 	1720.00 	1730.00 	1678.00 	179.30K 	-1.57%
Apr 29, 2016 	1717.00 	1712.00 	1725.00 	1704.00 	242.56K 	0.94%
Apr 28, 2016 	1701.00 	1760.00 	1775.00 	1696.00 	291.64K 	-1.39%
Apr 27, 2016 	1725.00 	1765.00 	1770.00 	1704.00 	255.29K 	-1.99%
Apr 26, 2016 	1760.00 	1829.00 	1830.00 	1760.00 	146.78K 	-3.72%
Apr 25, 2016 	1828.00 	1830.00 	1840.00 	1814.00 	81.26K 	0.99%
Apr 22, 2016 	1810.00 	1845.00 	1859.00 	1801.00 	119.83K 	-1.90%
Apr 21, 2016 	1845.00 	1859.00 	1859.00 	1840.00 	156.53K 	-0.54%
Apr 20, 2016 	1855.00 	1855.00 	1875.00 	1855.00 	118.72K 	0.27%
Apr 19, 2016 	1850.00 	1851.00 	1860.00 	1820.00 	88.31K 	0.33%
Apr 18, 2016 	1844.00 	1895.00 	1895.00 	1842.00 	144.01K 	-2.74%
Apr 15, 2016 	1896.00 	1897.00 	1900.00 	1856.00 	128.90K 	0.00%
Apr 14, 2016 	1896.00 	1900.00 	1914.00 	1888.00 	126.06K 	-0.21%
Apr 13, 2016 	1900.00 	1880.00 	1900.00 	1850.00 	63.48K 	1.06%
Apr 12, 2016 	1880.00 	1885.00 	1888.00 	1868.00 	187.49K 	1.08%
Apr 11, 2016 	1860.00 	1830.00 	1874.00 	1830.00 	79.10K 	1.75%
Apr 08, 2016 	1828.00 	1798.00 	1829.00 	1794.00 	142.75K 	1.67%
Apr 07, 2016 	1798.00 	1908.00 	1908.00 	1798.00 	332.78K 	-5.86%
Apr 06, 2016 	1910.00 	1930.00 	1940.00 	1910.00 	39.47K 	-1.04%
Apr 05, 2016 	1930.00 	1896.00 	1969.00 	1888.00 	112.35K 	1.79%
Apr 04, 2016 	1896.00 	1918.00 	1918.00 	1885.00 	59.26K 	-1.25%
Apr 01, 2016 	1920.00 	1980.00 	1980.00 	1915.00 	143.91K 	-3.03%
Mar 31, 2016 	1980.00 	1985.00 	1989.00 	1945.00 	192.40K 	0.05%
Mar 30, 2016 	1979.00 	1970.00 	1985.00 	1970.00 	154.18K 	0.61%
Mar 29, 2016 	1967.00 	1956.00 	1975.00 	1956.00 	41.12K 	0.72%
Mar 28, 2016 	1953.00 	1980.00 	1980.00 	1952.00 	86.42K 	-1.26%
Mar 23, 2016 	1978.00 	1920.00 	1978.00 	1916.00 	165.42K 	3.02%
Mar 22, 2016 	1920.00 	1963.00 	1964.00 	1888.00 	212.32K 	-2.14%
Mar 21, 2016 	1962.00 	1978.00 	1980.00 	1950.00 	165.69K 	-0.81%
Mar 18, 2016 	1978.00 	1950.00 	2020.00 	1939.00 	373.16K 	2.38%
Mar 17, 2016 	1932.00 	1876.00 	1938.00 	1873.00 	349.03K 	2.99%
Mar 16, 2016 	1876.00 	1905.00 	1909.00 	1860.00 	235.06K 	-1.32%
Mar 15, 2016 	1901.00 	1901.00 	1985.00 	1901.00 	390.52K 	0.00%
Mar 14, 2016 	1901.00 	1801.00 	1918.00 	1801.00 	433.72K 	11.56%
Mar 11, 2016 	1704.00 	1704.00 	1735.00 	1704.00 	182.73K 	0.24%
Mar 10, 2016 	1700.00 	1691.00 	1714.00 	1691.00 	190.73K 	0.59%
Mar 09, 2016 	1690.00 	1748.00 	1748.00 	1675.00 	174.92K 	-3.43%
Mar 08, 2016 	1750.00 	1750.00 	1775.00 	1707.00 	377.18K 	1.16%
Mar 07, 2016 	1730.00 	1808.00 	1808.00 	1717.00 	279.23K 	-3.73%
Mar 04, 2016 	1797.00 	1830.00 	1835.00 	1792.00 	158.21K 	-2.07%
Mar 03, 2016 	1835.00 	1830.00 	1860.00 	1830.00 	263.84K 	0.60%
Mar 02, 2016 	1824.00 	1800.00 	1837.00 	1780.00 	330.10K 	3.93%
Mar 01, 2016 	1755.00 	1830.00 	1860.00 	1750.00 	546.92K 	-4.10%
Feb 29, 2016 	1830.00 	2250.00 	2268.00 	1830.00 	626.46K 	-17.86%
Feb 26, 2016 	2228.00 	2232.00 	2252.00 	2220.00 	137.06K 	-0.09%
Feb 24, 2016 	2230.00 	2224.00 	2230.00 	2206.00 	71.12K 	0.27%
Feb 23, 2016 	2224.00 	2224.00 	2242.00 	2218.00 	80.26K 	0.18%
Feb 22, 2016 	2220.00 	2246.00 	2258.00 	2212.00 	69.93K 	-1.16%
Feb 19, 2016 	2246.00 	2284.00 	2312.00 	2228.00 	157.25K 	-1.40%
Feb 18, 2016 	2278.00 	2352.00 	2360.00 	2264.00 	406.50K 	-2.06%
Feb 17, 2016 	2326.00 	2290.00 	2326.00 	2274.00 	140.36K 	2.02%
Feb 16, 2016 	2280.00 	2202.00 	2280.00 	2202.00 	240.26K 	3.83%
Feb 15, 2016 	2196.00 	2200.00 	2206.00 	2168.00 	194.29K 	1.29%
Feb 12, 2016 	2168.00 	2150.00 	2180.00 	2136.00 	95.34K 	0.46%
Feb 11, 2016 	2158.00 	2142.00 	2170.00 	2142.00 	104.41K 	0.84%
Feb 10, 2016 	2140.00 	2150.00 	2150.00 	2106.00 	53.46K 	-1.11%
Feb 09, 2016 	2164.00 	2188.00 	2188.00 	2136.00 	28.98K 	-1.19%
Feb 05, 2016 	2190.00 	2150.00 	2192.00 	2150.00 	107.48K 	2.53%
Feb 04, 2016 	2136.00 	2102.00 	2154.00 	2102.00 	110.39K 	2.30%
Feb 03, 2016 	2088.00 	2100.00 	2138.00 	2080.00 	126.92K 	-2.88%
Feb 02, 2016 	2150.00 	2128.00 	2178.00 	2128.00 	79.88K 	-2.27%
Feb 01, 2016 	2200.00 	2220.00 	2220.00 	2154.00 	255.17K 	-0.90%
Jan 29, 2016 	2220.00 	2180.00 	2220.00 	2180.00 	306.97K 	2.02%
Jan 28, 2016 	2176.00 	2148.00 	2180.00 	2100.00 	133.43K 	0.28%
Jan 27, 2016 	2170.00 	2052.00 	2170.00 	2052.00 	275.70K 	6.79%
Jan 26, 2016 	2032.00 	2050.00 	2054.00 	2002.00 	115.56K 	-1.74%
Jan 25, 2016 	2068.00 	2040.00 	2074.00 	2006.00 	209.22K 	3.92%
Jan 22, 2016 	1990.00 	1940.00 	1996.00 	1940.00 	98.06K 	2.58%
Jan 21, 2016 	1940.00 	1937.00 	1976.00 	1920.00 	121.30K 	0.15%
Jan 20, 2016 	1937.00 	1906.00 	1962.00 	1906.00 	151.80K 	1.95%
Jan 19, 2016 	1900.00 	1900.00 	1934.00 	1892.00 	41.71K 	0.05%
Jan 18, 2016 	1899.00 	1900.00 	1903.00 	1886.00 	62.10K 	-0.26%
Jan 15, 2016 	1904.00 	1906.00 	1920.00 	1902.00 	80.63K 	0.21%
Jan 14, 2016 	1900.00 	1939.00 	1939.00 	1900.00 	135.79K 	-2.06%
Jan 13, 2016 	1940.00 	1935.00 	1962.00 	1935.00 	91.11K 	0.52%
Jan 12, 2016 	1930.00 	1921.00 	1971.00 	1921.00 	70.92K 	0.52%
Jan 11, 2016 	1920.00 	1949.00 	1949.00 	1920.00 	113.96K 	-1.94%
Jan 08, 2016 	1958.00 	1972.00 	1990.00 	1950.00 	154.18K 	-1.21%
Jan 07, 2016 	1982.00 	2030.00 	2030.00 	1982.00 	83.84K 	-2.36%
Jan 06, 2016 	2030.00 	2040.00 	2070.00 	2000.00 	88.07K 	1.50%
Jan 05, 2016 	2000.00 	2000.00 	2008.00 	1985.00 	112.49K 	0.00%
Jan 04, 2016 	2000.00 	2050.00 	2060.00 	1996.00 	90.21K 	-2.91%
Dec 29, 2015 	2060.00 	2074.00 	2074.00 	2034.00 	73.56K 	-0.77%
Dec 28, 2015 	2076.00 	2010.00 	2076.00 	2010.00 	48.88K 	0.00%
Dec 23, 2015 	2076.00 	2080.00 	2120.00 	2060.00 	138.61K 	1.17%
Dec 22, 2015 	2052.00 	2020.00 	2080.00 	2018.00 	116.35K 	1.48%
Dec 21, 2015 	2022.00 	2024.00 	2044.00 	2010.00 	111.13K 	-0.10%
Dec 18, 2015 	2024.00 	2020.00 	2038.00 	2000.00 	181.80K 	-0.88%
Dec 17, 2015 	2042.00 	2080.00 	2088.00 	2042.00 	146.37K 	0.79%
Dec 16, 2015 	2026.00 	2010.00 	2030.00 	2004.00 	135.60K 	2.32%
Dec 15, 2015 	1980.00 	2000.00 	2028.00 	1980.00 	88.29K 	0.20%
Dec 14, 2015 	1976.00 	1972.00 	1988.00 	1970.00 	104.51K 	0.20%
Dec 11, 2015 	1972.00 	2062.00 	2088.00 	1972.00 	187.85K 	-3.99%
Dec 10, 2015 	2054.00 	2120.00 	2130.00 	2054.00 	105.21K 	-2.93%
Dec 09, 2015 	2116.00 	2132.00 	2132.00 	2110.00 	48.76K 	-0.94%
Dec 08, 2015 	2136.00 	2132.00 	2150.00 	2120.00 	70.10K 	-0.09%
Dec 07, 2015 	2138.00 	2132.00 	2160.00 	2132.00 	51.07K 	-0.09%
Dec 04, 2015 	2140.00 	2140.00 	2154.00 	2070.00 	97.58K 	-1.29%
Dec 03, 2015 	2168.00 	2152.00 	2180.00 	2150.00 	107.65K 	0.65%
Dec 02, 2015 	2154.00 	2144.00 	2190.00 	2130.00 	171.95K 	0.47%
Dec 01, 2015 	2144.00 	2050.00 	2162.00 	2050.00 	262.57K 	4.59%
Nov 27, 2015 	2050.00 	2048.00 	2082.00 	2048.00 	440.60K 	0.10%
Nov 26, 2015 	2048.00 	2050.00 	2070.00 	2042.00 	148.76K 	0.49%
Nov 25, 2015 	2038.00 	2014.00 	2050.00 	2006.00 	289.99K 	1.80%
Nov 24, 2015 	2002.00 	2000.00 	2016.00 	1998.00 	144.38K 	0.10%
Nov 23, 2015 	2000.00 	2004.00 	2014.00 	1999.00 	146.04K 	0.00%
Nov 20, 2015 	2000.00 	1980.00 	2024.00 	1970.00 	155.20K 	1.78%
Nov 17, 2015 	1965.00 	1964.00 	2000.00 	1963.00 	140.03K 	0.05%
Nov 16, 2015 	1964.00 	1970.00 	1973.00 	1959.00 	104.79K 	-0.30%
Nov 13, 2015 	1970.00 	1999.00 	2020.00 	1970.00 	104.56K 	-0.10%
Nov 12, 2015 	1972.00 	1999.00 	2040.00 	1972.00 	109.81K 	0.10%
Nov 11, 2015 	1970.00 	1982.00 	1987.00 	1970.00 	130.33K 	-1.01%
Nov 10, 2015 	1990.00 	1978.00 	2026.00 	1970.00 	121.86K 	-0.35%
Nov 09, 2015 	1997.00 	2008.00 	2020.00 	1990.00 	133.28K 	-1.43%
Nov 06, 2015 	2026.00 	2064.00 	2068.00 	1990.00 	247.19K 	-3.62%
Nov 05, 2015 	2102.00 	2150.00 	2150.00 	2100.00 	208.79K 	-3.58%
Nov 04, 2015 	2180.00 	2240.00 	2268.00 	2168.00 	135.38K 	-2.42%
Nov 03, 2015 	2234.00 	2210.00 	2258.00 	2210.00 	121.06K 	1.18%
Nov 02, 2015 	2208.00 	2240.00 	2240.00 	2202.00 	79.40K 	0.36%
Oct 30, 2015 	2200.00 	2270.00 	2270.00 	2200.00 	155.85K 	-2.22%
Oct 29, 2015 	2250.00 	2282.00 	2306.00 	2250.00 	130.01K 	-1.66%
Oct 28, 2015 	2288.00 	2328.00 	2328.00 	2280.00 	133.37K 	-1.72%
Oct 27, 2015 	2328.00 	2398.00 	2398.00 	2326.00 	81.21K 	-3.00%
Oct 26, 2015 	2400.00 	2382.00 	2430.00 	2382.00 	267.26K 	1.52%
Oct 23, 2015 	2364.00 	2288.00 	2382.00 	2284.00 	164.66K 	3.05%
Oct 22, 2015 	2294.00 	2250.00 	2294.00 	2240.00 	41.07K 	1.96%
Oct 21, 2015 	2250.00 	2248.00 	2284.00 	2224.00 	48.53K 	1.44%
Oct 20, 2015 	2218.00 	2204.00 	2226.00 	2202.00 	46.35K 	0.45%
Oct 19, 2015 	2208.00 	2256.00 	2256.00 	2200.00 	57.62K 	-2.30%
Oct 16, 2015 	2260.00 	2226.00 	2290.00 	2226.00 	151.28K 	2.17%
Oct 15, 2015 	2212.00 	2172.00 	2226.00 	2172.00 	46.21K 	1.94%
Oct 14, 2015 	2170.00 	2218.00 	2218.00 	2170.00 	116.81K 	-1.36%
Oct 13, 2015 	2200.00 	2294.00 	2294.00 	2200.00 	206.64K 	-3.34%
Oct 12, 2015 	2276.00 	2268.00 	2348.00 	2262.00 	57.94K 	0.71%
Oct 09, 2015 	2260.00 	2300.00 	2338.00 	2260.00 	94.19K 	-1.74%
Oct 08, 2015 	2300.00 	2380.00 	2380.00 	2300.00 	159.07K 	-3.36%
Oct 07, 2015 	2380.00 	2290.00 	2408.00 	2280.00 	201.70K 	3.30%
Oct 06, 2015 	2304.00 	2298.00 	2304.00 	2274.00 	242.05K 	3.69%
Oct 05, 2015 	2222.00 	2134.00 	2264.00 	2134.00 	179.25K 	4.03%
Oct 02, 2015 	2136.00 	2180.00 	2180.00 	2124.00 	278.67K 	-2.02%
Oct 01, 2015 	2180.00 	2186.00 	2208.00 	2172.00 	101.76K 	-0.46%
Sep 30, 2015 	2190.00 	2192.00 	2214.00 	2168.00 	151.24K 	0.92%
Sep 29, 2015 	2170.00 	2200.00 	2210.00 	2170.00 	194.08K 	-2.60%
Sep 28, 2015 	2228.00 	2268.00 	2272.00 	2228.00 	116.63K 	-1.85%
Sep 24, 2015 	2270.00 	2270.00 	2282.00 	2258.00 	110.22K 	0.27%
Sep 23, 2015 	2264.00 	2290.00 	2290.00 	2240.00 	285.58K 	-1.74%
Sep 22, 2015 	2304.00 	2320.00 	2350.00 	2298.00 	115.87K 	-0.09%
Sep 21, 2015 	2306.00 	2368.00 	2368.00 	2296.00 	137.48K 	-1.45%
Sep 18, 2015 	2340.00 	2404.00 	2426.00 	2340.00 	214.77K 	-2.17%
Sep 17, 2015 	2392.00 	2380.00 	2420.00 	2380.00 	152.38K 	0.76%
Sep 16, 2015 	2374.00 	2350.00 	2374.00 	2350.00 	167.57K 	1.28%
Sep 15, 2015 	2344.00 	2402.00 	2410.00 	2344.00 	127.96K 	-2.41%
Sep 14, 2015 	2402.00 	2350.00 	2402.00 	2350.00 	70.02K 	2.39%
Sep 11, 2015 	2346.00 	2344.00 	2378.00 	2310.00 	85.89K 	1.73%
Sep 10, 2015 	2306.00 	2390.00 	2390.00 	2304.00 	228.14K 	-3.60%
Sep 09, 2015 	2392.00 	2398.00 	2400.00 	2384.00 	154.50K 	0.34%
Sep 08, 2015 	2384.00 	2394.00 	2400.00 	2378.00 	139.93K 	-0.33%
Sep 07, 2015 	2392.00 	2438.00 	2438.00 	2392.00 	143.30K 	-2.13%
Sep 04, 2015 	2444.00 	2450.00 	2454.00 	2438.00 	100.91K 	0.16%
Sep 03, 2015 	2440.00 	2446.00 	2458.00 	2428.00 	125.50K 	1.16%
Sep 02, 2015 	2412.00 	2432.00 	2438.00 	2398.00 	261.36K 	-1.39%
Sep 01, 2015 	2446.00 	2500.00 	2574.00 	2430.00 	303.35K 	-2.86%
Aug 28, 2015 	2518.00 	2558.00 	2564.00 	2498.00 	243.48K 	-1.33%
Aug 27, 2015 	2552.00 	2480.00 	2604.00 	2480.00 	306.20K 	3.57%
Aug 26, 2015 	2464.00 	2480.00 	2480.00 	2456.00 	271.69K 	1.40%
Aug 25, 2015 	2430.00 	2480.00 	2494.00 	2422.00 	219.93K 	-4.18%
Aug 24, 2015 	2536.00 	2662.00 	2662.00 	2536.00 	252.84K 	-7.78%
Aug 20, 2015 	2750.00 	2768.00 	2768.00 	2738.00 	77.29K 	-0.72%
Aug 19, 2015 	2770.00 	2732.00 	2776.00 	2720.00 	136.40K 	1.09%
Aug 18, 2015 	2740.00 	2706.00 	2740.00 	2706.00 	89.57K 	1.33%
Aug 17, 2015 	2704.00 	2712.00 	2712.00 	2698.00 	127.77K 	-0.29%
Aug 14, 2015 	2712.00 	2708.00 	2718.00 	2700.00 	141.40K 	0.15%
Aug 13, 2015 	2708.00 	2704.00 	2716.00 	2696.00 	185.58K 	0.30%
Aug 12, 2015 	2700.00 	2690.00 	2710.00 	2680.00 	127.24K 	0.00%
Aug 11, 2015 	2700.00 	2712.00 	2742.00 	2700.00 	226.18K 	-0.07%
Aug 10, 2015 	2702.00 	2748.00 	2760.00 	2702.00 	229.58K 	-1.96%
Aug 07, 2015 	2756.00 	2790.00 	2790.00 	2748.00 	270.14K 	-1.57%
Aug 06, 2015 	2800.00 	2850.00 	2850.00 	2800.00 	197.56K 	-2.10%
Aug 05, 2015 	2860.00 	2870.00 	2884.00 	2850.00 	137.19K 	0.35%
Aug 04, 2015 	2850.00 	2898.00 	2900.00 	2850.00 	166.16K 	-1.66%
Aug 03, 2015 	2898.00 	2920.00 	2920.00 	2888.00 	108.98K 	0.42%
Jul 31, 2015 	2886.00 	2914.00 	2914.00 	2880.00 	222.01K 	-0.96%
Jul 30, 2015 	2914.00 	2890.00 	2926.00 	2890.00 	157.13K 	1.32%
Jul 29, 2015 	2876.00 	2880.00 	2890.00 	2876.00 	393.93K 	-0.42%
Jul 28, 2015 	2888.00 	2890.00 	2904.00 	2864.00 	174.38K 	-0.41%
Jul 27, 2015 	2900.00 	2920.00 	2926.00 	2890.00 	71.30K 	-1.63%
Jul 24, 2015 	2948.00 	2910.00 	2950.00 	2910.00 	39.19K 	0.14%
Jul 23, 2015 	2944.00 	2902.00 	2946.00 	2902.00 	88.52K 	0.00%
Jul 22, 2015 	2944.00 	2942.00 	2944.00 	2930.00 	83.34K 	0.07%
Jul 21, 2015 	2942.00 	2920.00 	2946.00 	2920.00 	74.47K 	-0.20%
Jul 20, 2015 	2948.00 	2902.00 	2950.00 	2902.00 	134.09K 	0.41%
Jul 16, 2015 	2936.00 	2860.00 	2940.00 	2852.00 	193.37K 	2.59%
Jul 15, 2015 	2862.00 	2848.00 	2868.00 	2844.00 	127.78K 	0.85%
Jul 14, 2015 	2838.00 	2846.00 	2864.00 	2830.00 	97.65K 	-0.28%
Jul 13, 2015 	2846.00 	2832.00 	2846.00 	2810.00 	107.68K 	0.57%
Jul 10, 2015 	2830.00 	2766.00 	2830.00 	2766.00 	109.08K 	2.17%
Jul 09, 2015 	2770.00 	2776.00 	2790.00 	2760.00 	202.88K 	-0.36%
Jul 08, 2015 	2780.00 	2800.00 	2800.00 	2780.00 	118.86K 	-1.00%
Jul 07, 2015 	2808.00 	2800.00 	2830.00 	2798.00 	103.76K 	0.36%
Jul 06, 2015 	2798.00 	2804.00 	2822.00 	2792.00 	130.12K 	-0.07%
Jul 03, 2015 	2800.00 	2802.00 	2826.00 	2800.00 	175.88K 	0.00%
Jul 02, 2015 	2800.00 	2806.00 	2858.00 	2800.00 	157.40K 	-0.28%
Jul 01, 2015 	2808.00 	2804.00 	2830.00 	2794.00 	161.42K 	-0.07%
Jun 30, 2015 	2810.00 	2840.00 	2840.00 	2800.00 	143.05K 	-0.92%
Jun 29, 2015 	2836.00 	2830.00 	2844.00 	2800.00 	86.63K 	-0.21%
Jun 26, 2015 	2842.00 	2860.00 	2860.00 	2838.00 	115.49K 	0.07%
Jun 25, 2015 	2840.00 	2822.00 	2860.00 	2822.00 	152.10K 	-1.39%
Jun 24, 2015 	2880.00 	2820.00 	2880.00 	2820.00 	152.42K 	2.49%
Jun 23, 2015 	2810.00 	2800.00 	2870.00 	2796.00 	162.11K 	0.50%
Jun 22, 2015 	2796.00 	2806.00 	2806.00 	2786.00 	58.29K 	-0.21%
Jun 19, 2015 	2802.00 	2814.00 	2830.00 	2802.00 	125.26K 	-0.28%
Jun 18, 2015 	2810.00 	2818.00 	2840.00 	2802.00 	94.42K 	-0.28%
Jun 17, 2015 	2818.00 	2810.00 	2818.00 	2802.00 	245.36K 	-1.12%
Jun 16, 2015 	2850.00 	2802.00 	2866.00 	2802.00 	111.93K 	1.79%
Jun 15, 2015 	2800.00 	2840.00 	2846.00 	2800.00 	134.72K 	0.00%
Jun 11, 2015 	2800.00 	2780.00 	2848.00 	2762.00 	132.21K 	0.94%
Jun 10, 2015 	2774.00 	2788.00 	2796.00 	2774.00 	86.76K 	-0.50%
Jun 09, 2015 	2788.00 	2782.00 	2788.00 	2774.00 	50.64K 	-0.29%
Jun 08, 2015 	2796.00 	2784.00 	2796.00 	2780.00 	29.12K 	0.43%
Jun 05, 2015 	2784.00 	2800.00 	2800.00 	2776.00 	98.61K 	-0.64%
Jun 04, 2015 	2802.00 	2798.00 	2816.00 	2780.00 	79.43K 	0.07%
Jun 03, 2015 	2800.00 	2760.00 	2800.00 	2760.00 	76.74K 	0.65%
Jun 02, 2015 	2782.00 	2774.00 	2790.00 	2748.00 	81.22K 	-0.14%
Jun 01, 2015 	2786.00 	2780.00 	2810.00 	2768.00 	58.79K 	0.22%
May 29, 2015 	2780.00 	2780.00 	2880.00 	2780.00 	257.25K 	0.00%
May 28, 2015 	2780.00 	2800.00 	2800.00 	2754.00 	155.84K 	-0.71%
May 27, 2015 	2800.00 	2820.00 	2820.00 	2780.00 	94.84K 	-0.71%
May 26, 2015 	2820.00 	2840.00 	2840.00 	2800.00 	82.95K 	-0.70%
May 25, 2015 	2840.00 	2860.00 	2860.00 	2836.00 	16.92K 	-0.70%
May 22, 2015 	2860.00 	2872.00 	2872.00 	2858.00 	47.33K 	-0.07%
May 21, 2015 	2862.00 	2880.00 	2880.00 	2862.00 	66.81K 	-0.49%
May 20, 2015 	2876.00 	2836.00 	2876.00 	2836.00 	93.66K 	1.13%
May 19, 2015 	2844.00 	2830.00 	2848.00 	2830.00 	30.71K 	-1.04%
May 18, 2015 	2874.00 	2850.00 	2880.00 	2850.00 	40.84K 	0.84%
May 15, 2015 	2850.00 	2846.00 	2864.00 	2846.00 	72.53K 	0.00%
May 14, 2015 	2850.00 	2832.00 	2850.00 	2822.00 	120.89K 	0.71%
May 13, 2015 	2830.00 	2816.00 	2844.00 	2814.00 	127.40K 	0.50%
May 12, 2015 	2816.00 	2820.00 	2820.00 	2782.00 	78.07K 	-0.56%
May 11, 2015 	2832.00 	2836.00 	2850.00 	2820.00 	62.80K 	-0.14%
May 08, 2015 	2836.00 	2858.00 	2858.00 	2822.00 	69.06K 	0.50%
May 07, 2015 	2822.00 	2820.00 	2838.00 	2804.00 	109.83K 	-1.60%
May 06, 2015 	2868.00 	2880.00 	2886.00 	2848.00 	104.40K 	-0.55%
May 05, 2015 	2884.00 	2842.00 	2892.00 	2842.00 	111.16K 	1.55%
May 04, 2015 	2840.00 	2814.00 	2850.00 	2800.00 	161.04K 	2.53%
Apr 30, 2015 	2770.00 	2888.00 	2888.00 	2770.00 	478.84K 	-4.09%
Apr 29, 2015 	2888.00 	2904.00 	2926.00 	2878.00 	127.93K 	-1.37%
Apr 28, 2015 	2928.00 	2902.00 	2928.00 	2898.00 	77.58K 	0.83%
Apr 27, 2015 	2904.00 	2900.00 	2916.00 	2898.00 	118.54K 	0.14%
Apr 24, 2015 	2900.00 	2908.00 	2910.00 	2886.00 	118.44K 	0.00%
Apr 23, 2015 	2900.00 	2904.00 	2908.00 	2870.00 	180.16K 	0.00%
Apr 22, 2015 	2900.00 	2902.00 	2902.00 	2862.00 	96.16K 	-0.07%
Apr 21, 2015 	2902.00 	2912.00 	2912.00 	2882.00 	59.57K 	-0.34%
Apr 20, 2015 	2912.00 	2870.00 	2930.00 	2850.00 	70.86K 	0.00%
Apr 17, 2015 	2912.00 	2910.00 	2932.00 	2900.00 	315.07K 	0.41%
Apr 16, 2015 	2900.00 	2900.00 	2908.00 	2872.00 	255.94K 	0.00%
Apr 15, 2015 	2900.00 	2920.00 	2924.00 	2888.00 	142.15K 	-0.68%
Apr 14, 2015 	2920.00 	2940.00 	2940.00 	2916.00 	77.43K 	-0.68%
Apr 13, 2015 	2940.00 	2972.00 	2972.00 	2938.00 	225.98K 	-1.08%
Apr 10, 2015 	2972.00 	2938.00 	2984.00 	2938.00 	245.90K 	1.09%
Apr 08, 2015 	2940.00 	2936.00 	2950.00 	2910.00 	96.17K 	0.14%
Apr 07, 2015 	2936.00 	2946.00 	2946.00 	2924.00 	102.56K 	0.27%
Apr 06, 2015 	2928.00 	2890.00 	2938.00 	2882.00 	113.44K 	3.10%
Apr 01, 2015 	2840.00 	2848.00 	2862.00 	2814.00 	185.27K 	-0.56%
Mar 31, 2015 	2856.00 	2860.00 	2872.00 	2848.00 	192.36K 	0.92%
Mar 30, 2015 	2830.00 	2850.00 	2922.00 	2830.00 	219.19K 	0.00%
Mar 27, 2015 	2830.00 	2834.00 	2844.00 	2824.00 	138.46K 	-0.28%
Mar 26, 2015 	2838.00 	2812.00 	2838.00 	2812.00 	91.53K 	0.00%
Mar 25, 2015 	2838.00 	2830.00 	2860.00 	2830.00 	178.25K 	0.35%
Mar 24, 2015 	2828.00 	2828.00 	2828.00 	2810.00 	229.54K 	0.00%
Mar 23, 2015 	2828.00 	2820.00 	2840.00 	2812.00 	236.10K 	0.64%
Mar 20, 2015 	2810.00 	2834.00 	2840.00 	2810.00 	308.63K 	-1.40%
Mar 19, 2015 	2850.00 	2800.00 	2860.00 	2800.00 	387.78K 	2.22%
Mar 18, 2015 	2788.00 	2874.00 	2874.00 	2780.00 	397.27K 	-2.99%
Mar 17, 2015 	2874.00 	2920.00 	2920.00 	2874.00 	180.71K 	-0.90%
Mar 16, 2015 	2900.00 	2938.00 	2938.00 	2888.00 	158.75K 	-1.69%
Mar 13, 2015 	2950.00 	3000.00 	3002.00 	2950.00 	127.62K 	-1.73%
Mar 12, 2015 	3002.00 	3000.00 	3008.00 	2990.00 	119.05K 	-2.09%
Mar 11, 2015 	3066.00 	3073.93 	3073.93 	3062.03 	157.68K 	0.00%
Mar 10, 2015 	3066.00 	3054.10 	3073.93 	3054.10 	131.06K 	0.26%
Mar 09, 2015 	3058.07 	3052.12 	3058.07 	3026.34 	179.77K 	-0.52%
Mar 06, 2015 	3073.93 	3075.92 	3081.86 	3066.00 	99.51K 	-0.06%
Mar 05, 2015 	3075.92 	3071.95 	3079.88 	3071.95 	253.76K 	0.19%
Mar 04, 2015 	3069.97 	3073.93 	3073.93 	3052.12 	232.55K 	-0.06%
Mar 03, 2015 	3071.95 	3073.93 	3103.68 	3060.05 	384.79K 	-0.06%
Mar 02, 2015 	3073.93 	3133.43 	3133.43 	3060.05 	172.82K 	-1.96%
Feb 27, 2015 	3135.41 	3163.18 	3163.18 	3123.51 	158.14K 	-0.88%
Feb 26, 2015 	3163.18 	3171.11 	3171.11 	3145.33 	134.35K 	-0.31%
Feb 25, 2015 	3173.09 	3143.34 	3173.09 	3133.43 	114.01K 	1.14%
Feb 24, 2015 	3137.39 	3143.34 	3147.31 	3133.43 	94.35K 	-0.38%
Feb 23, 2015 	3149.29 	3163.18 	3165.16 	3145.33 	121.12K 	-0.44%
Feb 20, 2015 	3163.18 	3145.33 	3163.18 	3145.33 	31.12K 	0.00%
Feb 18, 2015 	3163.18 	3143.34 	3186.97 	3143.34 	106.64K 	0.25%
Feb 17, 2015 	3155.24 	3159.21 	3163.18 	3133.43 	70.38K 	-0.13%
Feb 16, 2015 	3159.21 	3161.19 	3175.07 	3155.24 	182.27K 	-0.13%
Feb 13, 2015 	3163.18 	3103.68 	3186.97 	3103.68 	383.59K 	2.24%
Feb 12, 2015 	3093.76 	3050.13 	3093.76 	3048.15 	202.44K 	1.17%
Feb 11, 2015 	3058.07 	3075.92 	3079.88 	3048.15 	139.99K 	-0.58%
Feb 10, 2015 	3075.92 	3054.10 	3093.76 	3054.10 	312.25K 	0.13%
Feb 09, 2015 	3071.95 	3034.27 	3071.95 	3034.27 	117.58K 	0.19%
Feb 06, 2015 	3066.00 	3026.34 	3073.93 	3026.34 	180.41K 	0.06%
Feb 05, 2015 	3064.02 	3060.05 	3064.02 	3046.17 	277.17K 	0.13%
Feb 04, 2015 	3060.05 	2978.74 	3064.02 	2976.76 	312.85K 	3.56%
Feb 03, 2015 	2954.94 	2933.13 	2962.87 	2933.13 	97.10K 	0.68%
Feb 02, 2015 	2935.11 	2945.03 	2945.03 	2923.21 	113.34K 	-0.34%
Jan 30, 2015 	2945.03 	2947.01 	2952.96 	2937.09 	169.49K 	-0.07%
Jan 29, 2015 	2947.01 	2945.03 	2970.81 	2943.04 	229.84K 	-0.67%
Jan 28, 2015 	2966.84 	2935.11 	2976.76 	2935.11 	187.13K 	0.74%
Jan 27, 2015 	2945.03 	2956.92 	2956.92 	2935.11 	167.20K 	-0.47%
Jan 26, 2015 	2958.91 	2945.03 	2974.77 	2937.09 	171.55K 	0.74%
Jan 23, 2015 	2937.09 	2970.81 	2974.77 	2933.13 	222.25K 	0.20%
Jan 22, 2015 	2931.14 	2915.28 	2948.99 	2915.28 	117.02K 	0.14%
Jan 21, 2015 	2927.18 	2897.43 	2970.81 	2897.43 	238.58K 	0.61%
Jan 20, 2015 	2909.33 	2927.18 	2935.11 	2901.40 	216.17K 	-0.54%
Jan 19, 2015 	2925.19 	2954.94 	2954.94 	2895.45 	137.58K 	-1.54%
Jan 14, 2015 	2970.81 	2954.94 	2988.66 	2954.94 	201.83K 	0.88%
Jan 13, 2015 	2945.03 	2919.24 	2964.86 	2913.29 	190.71K 	0.81%
Jan 12, 2015 	2921.23 	2869.66 	2931.14 	2869.66 	107.89K 	-0.20%
Jan 09, 2015 	2927.18 	2855.78 	2962.87 	2855.78 	253.34K 	1.79%
Jan 08, 2015 	2875.61 	2796.29 	2881.56 	2796.29 	136.31K 	2.84%
Jan 07, 2015 	2796.29 	2788.35 	2833.97 	2788.35 	73.63K 	0.28%
Jan 06, 2015 	2788.35 	2843.88 	2843.88 	2784.39 	181.85K 	-2.16%
Jan 05, 2015 	2849.83 	2915.28 	2915.28 	2826.03 	105.42K 	-1.10%
Dec 29, 2014 	2881.56 	2883.55 	2893.46 	2877.60 	280.49K 	-0.07%
Dec 23, 2014 	2883.55 	2800.25 	2893.46 	2800.25 	193.05K 	2.97%
Dec 22, 2014 	2800.25 	2790.34 	2814.14 	2786.37 	204.50K 	0.36%
Dec 19, 2014 	2790.34 	2786.37 	2800.25 	2784.39 	165.82K 	0.43%
Dec 18, 2014 	2778.44 	2750.67 	2790.34 	2724.89 	308.60K 	1.16%
Dec 17, 2014 	2746.71 	2816.12 	2816.12 	2746.71 	317.97K 	-2.46%
Dec 16, 2014 	2816.12 	2810.17 	2845.87 	2778.44 	195.53K 	0.00%
Dec 15, 2014 	2816.12 	2800.25 	2820.08 	2756.62 	265.61K 	-0.14%
Dec 12, 2014 	2820.08 	2776.45 	2822.07 	2770.51 	116.42K 	1.79%
Dec 11, 2014 	2770.51 	2776.45 	2796.29 	2734.81 	274.39K 	-0.71%
Dec 10, 2014 	2790.34 	2776.45 	2806.20 	2776.45 	290.55K 	-0.57%
Dec 09, 2014 	2806.20 	2776.45 	2810.17 	2772.49 	365.70K 	-0.70%
Dec 05, 2014 	2826.03 	2875.61 	2875.61 	2776.45 	518.12K 	-3.06%
Dec 04, 2014 	2915.28 	2958.91 	2958.91 	2905.36 	231.37K 	-1.61%
Dec 03, 2014 	2962.87 	2966.84 	2966.84 	2954.94 	122.63K 	-0.13%
Dec 02, 2014 	2966.84 	2964.86 	2966.84 	2935.11 	143.49K 	0.00%
Dec 01, 2014 	2966.84 	2966.84 	2972.79 	2964.86 	78.76K 	0.07%
Nov 28, 2014 	2964.86 	2915.28 	2966.84 	2915.28 	168.70K 	0.00%
Nov 27, 2014 	2964.86 	2966.84 	2986.67 	2958.91 	183.99K 	0.00%
Nov 26, 2014 	2964.86 	2964.86 	2966.84 	2945.03 	305.49K 	1.01%
Nov 25, 2014 	2935.11 	2939.08 	2968.82 	2935.11 	1.01M 	-1.07%
Nov 24, 2014 	2966.84 	2970.81 	2970.81 	2954.94 	220.40K 	0.34%
Nov 21, 2014 	2956.92 	2964.86 	2964.86 	2913.29 	362.15K 	-0.40%
Nov 20, 2014 	2968.82 	2966.84 	2968.82 	2954.94 	165.89K 	0.07%
Nov 19, 2014 	2966.84 	2974.77 	2976.76 	2958.91 	136.33K 	-0.07%
Nov 18, 2014 	2968.82 	2974.77 	2974.77 	2948.99 	219.99K 	0.07%
Nov 17, 2014 	2966.84 	2974.77 	2974.77 	2960.89 	118.72K 	-0.13%
Nov 14, 2014 	2970.81 	2968.82 	2976.76 	2958.91 	99.00K 	0.00%
Nov 13, 2014 	2970.81 	2980.72 	2980.72 	2964.86 	404.13K 	0.00%
Nov 12, 2014 	2970.81 	2964.86 	2980.72 	2964.86 	82.03K 	0.00%
Nov 11, 2014 	2970.81 	2954.94 	2980.72 	2929.16 	174.79K 	1.56%
Nov 10, 2014 	2925.19 	2913.29 	2954.94 	2913.29 	193.72K 	0.27%
Nov 07, 2014 	2917.26 	2891.48 	2952.96 	2875.61 	203.97K 	0.75%
Nov 06, 2014 	2895.45 	2905.36 	2915.28 	2863.71 	625.07K 	-2.34%
Nov 05, 2014 	2964.86 	3054.10 	3054.10 	2945.03 	694.41K 	-5.02%
Nov 04, 2014 	3121.53 	3242.50 	3264.32 	3103.68 	362.47K 	-3.49%
Nov 03, 2014 	3234.57 	3103.68 	3234.57 	3103.68 	159.18K 	4.42%
Oct 31, 2014 	3097.73 	3093.76 	3121.53 	3091.78 	209.15K 	0.26%
Oct 30, 2014 	3089.80 	3131.44 	3131.44 	3075.92 	235.93K 	-1.33%
Oct 29, 2014 	3131.44 	3157.23 	3163.18 	3117.56 	200.14K 	-1.07%
Oct 28, 2014 	3165.16 	3183.01 	3190.94 	3159.21 	223.93K 	-0.62%
Oct 27, 2014 	3184.99 	3198.87 	3198.87 	3083.85 	101.27K 	-0.43%
Oct 24, 2014 	3198.87 	3202.84 	3210.77 	3181.02 	94.57K 	0.06%
Oct 23, 2014 	3196.89 	3181.02 	3196.89 	3173.09 	37.54K 	0.50%
Oct 22, 2014 	3181.02 	3181.02 	3192.92 	3179.04 	193.76K 	0.00%
Oct 21, 2014 	3181.02 	3153.26 	3212.75 	3145.33 	295.66K 	1.13%
Oct 20, 2014 	3145.33 	3169.12 	3171.11 	3125.49 	120.38K 	-0.31%
Oct 17, 2014 	3155.24 	3133.43 	3202.84 	3097.73 	675.39K 	0.70%
Oct 16, 2014 	3133.43 	3048.15 	3143.34 	3028.32 	362.41K 	2.80%
Oct 15, 2014 	3048.15 	3000.55 	3093.76 	3000.55 	367.65K 	1.72%
Oct 14, 2014 	2996.59 	2954.94 	3024.35 	2954.94 	418.02K 	1.14%
Oct 13, 2014 	2962.87 	2974.77 	2974.77 	2960.89 	100.56K 	-0.73%
Oct 10, 2014 	2984.69 	2994.60 	2994.60 	2978.74 	123.03K 	-1.12%
Oct 09, 2014 	3018.40 	3014.44 	3044.18 	3014.44 	286.02K 	0.53%
Oct 08, 2014 	3002.54 	3004.52 	3010.47 	2994.60 	165.33K 	-0.53%
Oct 07, 2014 	3018.40 	3016.42 	3026.34 	2998.57 	247.80K 	0.00%
Oct 03, 2014 	3018.40 	3016.42 	3040.22 	3016.42 	184.76K 	0.13%
Oct 02, 2014 	3014.44 	3024.35 	3034.27 	2994.60 	345.53K 	-0.98%
Oct 01, 2014 	3044.18 	3071.95 	3071.95 	3026.34 	257.16K 	-0.90%
Sep 30, 2014 	3071.95 	3058.07 	3113.60 	3056.08 	369.82K 	0.26%
Sep 29, 2014 	3064.02 	3177.06 	3194.91 	3038.23 	481.92K 	-3.38%
Sep 26, 2014 	3171.11 	3212.75 	3212.75 	3153.26 	453.65K 	-1.60%
Sep 25, 2014 	3222.67 	3242.50 	3256.38 	3222.67 	157.15K 	-0.61%
Sep 24, 2014 	3242.50 	3240.52 	3250.44 	3234.57 	273.47K 	0.06%
Sep 23, 2014 	3240.52 	3242.50 	3258.37 	3224.65 	176.30K 	-0.06%
Sep 22, 2014 	3242.50 	3262.33 	3262.33 	3232.59 	309.55K 	-0.97%
Sep 18, 2014 	3274.23 	3278.20 	3290.10 	3262.33 	307.57K 	-0.06%
Sep 17, 2014 	3276.22 	3280.18 	3303.98 	3274.23 	257.87K 	-0.06%
Sep 16, 2014 	3278.20 	3274.23 	3292.08 	3274.23 	263.50K 	0.18%
Sep 15, 2014 	3272.25 	3282.17 	3282.17 	3262.33 	104.48K 	0.00%
Sep 12, 2014 	3272.25 	3302.00 	3315.88 	3272.25 	217.55K 	-1.14%
Sep 11, 2014 	3309.93 	3371.41 	3385.29 	3300.01 	321.54K 	-1.18%
Sep 10, 2014 	3349.59 	3361.49 	3375.38 	3345.63 	312.45K 	-0.76%
Sep 09, 2014 	3375.38 	3375.38 	3389.26 	3341.66 	227.30K 	-0.76%
Sep 08, 2014 	3401.16 	3389.26 	3411.07 	3389.26 	277.30K 	0.23%
Sep 05, 2014 	3393.22 	3432.89 	3432.89 	3387.27 	365.98K 	-1.10%
Sep 04, 2014 	3430.90 	3413.06 	3456.69 	3411.07 	260.14K 	0.58%
Sep 03, 2014 	3411.07 	3315.88 	3422.97 	3315.88 	470.93K 	2.87%
Sep 02, 2014 	3315.88 	3311.91 	3321.83 	3305.96 	281.49K 	0.00%
Sep 01, 2014 	3315.88 	3296.05 	3361.49 	3296.05 	550.90K 	-3.07%
Aug 29, 2014 	3420.99 	3365.46 	3420.99 	3331.75 	4.74M 	1.83%
Aug 28, 2014 	3359.51 	3373.39 	3375.38 	3339.68 	753.20K 	-0.70%
Aug 27, 2014 	3383.31 	3359.51 	3383.31 	3357.53 	844.25K 	0.65%
Aug 26, 2014 	3361.49 	3292.08 	3385.29 	3292.08 	841.90K 	2.73%
Aug 22, 2014 	3272.25 	3250.44 	3319.85 	3242.50 	671.59K 	-0.06%
Aug 20, 2014 	3274.23 	3232.59 	3274.23 	3228.62 	526.50K 	1.60%
Aug 19, 2014 	3222.67 	3222.67 	3230.60 	3186.97 	362.14K 	0.43%
Aug 18, 2014 	3208.79 	3222.67 	3232.59 	3179.04 	329.94K 	-0.43%
Aug 15, 2014 	3222.67 	3226.64 	3242.50 	3218.70 	433.89K 	0.00%
Aug 14, 2014 	3222.67 	3173.09 	3270.27 	3173.09 	796.23K 	4.03%
Aug 13, 2014 	3097.73 	3073.93 	3101.70 	3054.10 	425.70K 	0.26%
Aug 12, 2014 	3089.80 	3064.02 	3089.80 	3054.10 	280.78K 	1.17%
Aug 11, 2014 	3054.10 	2974.77 	3064.02 	2974.77 	273.00K 	2.67%
Aug 08, 2014 	2974.77 	2992.62 	3004.52 	2970.81 	412.78K 	-0.46%
Aug 07, 2014 	2988.66 	3034.27 	3064.02 	2984.69 	228.78K 	-2.27%
Aug 06, 2014 	3058.07 	3121.53 	3121.53 	3054.10 	326.19K 	-2.10%
Aug 05, 2014 	3123.51 	3113.60 	3131.44 	3105.66 	238.66K 	0.45%
Aug 04, 2014 	3109.63 	3018.40 	3111.61 	3018.40 	175.87K 	1.16%
Aug 01, 2014 	3073.93 	3024.35 	3073.93 	3010.47 	140.57K 	1.64%
Jul 31, 2014 	3024.35 	3034.27 	3044.18 	3022.37 	203.26K 	-0.65%
Jul 30, 2014 	3044.18 	3010.47 	3048.15 	3010.47 	198.76K 	1.59%
Jul 28, 2014 	2996.59 	3034.27 	3044.18 	2994.60 	45.42K 	-1.31%
Jul 25, 2014 	3036.25 	3028.32 	3050.13 	3028.32 	116.27K 	0.33%
Jul 24, 2014 	3026.34 	3014.44 	3032.29 	3014.44 	135.30K 	0.46%
Jul 23, 2014 	3012.45 	3004.52 	3012.45 	3000.55 	117.71K 	0.00%
Jul 22, 2014 	3012.45 	3014.44 	3016.42 	2988.66 	119.45K 	-0.07%
Jul 21, 2014 	3014.44 	2994.60 	3016.42 	2994.60 	118.74K 	0.40%
Jul 18, 2014 	3002.54 	2994.60 	3006.50 	2974.77 	190.70K 	-0.07%
Jul 17, 2014 	3004.52 	2988.66 	3010.47 	2988.66 	229.35K 	0.80%
Jul 15, 2014 	2980.72 	2978.74 	2984.69 	2974.77 	71.89K 	-0.13%
Jul 14, 2014 	2984.69 	2974.77 	2984.69 	2974.77 	146.22K 	0.33%
Jul 11, 2014 	2974.77 	2984.69 	2984.69 	2964.86 	118.28K 	-0.27%
Jul 10, 2014 	2982.71 	2976.76 	2988.66 	2976.76 	85.02K 	0.53%
Jul 09, 2014 	2966.84 	2974.77 	2974.77 	2962.87 	148.81K 	-0.33%
Jul 08, 2014 	2976.76 	2994.60 	2994.60 	2974.77 	103.09K 	-0.60%
Jul 07, 2014 	2994.60 	2992.62 	3004.52 	2986.67 	218.47K 	0.13%
Jul 04, 2014 	2990.64 	2974.77 	2998.57 	2974.77 	400.61K 	0.53%
Jul 03, 2014 	2974.77 	2964.86 	2984.69 	2956.92 	254.35K 	0.74%
Jul 02, 2014 	2952.96 	2958.91 	2958.91 	2925.19 	242.39K 	-0.20%
Jul 01, 2014 	2958.91 	2962.87 	2962.87 	2950.97 	207.87K 	-0.13%
Jun 30, 2014 	2962.87 	2935.11 	2974.77 	2935.11 	265.68K 	0.95%
Jun 27, 2014 	2935.11 	2937.09 	2945.03 	2931.14 	275.18K 	0.07%
Jun 26, 2014 	2933.13 	2895.45 	2937.09 	2895.45 	274.91K 	2.00%
Jun 25, 2014 	2875.61 	2875.61 	2881.56 	2867.68 	235.33K 	1.12%
Jun 24, 2014 	2843.88 	2843.88 	2859.75 	2839.92 	77.27K 	0.21%
Jun 23, 2014 	2837.93 	2867.68 	2867.68 	2837.93 	118.66K 	0.07%
Jun 20, 2014 	2835.95 	2820.08 	2889.50 	2814.14 	144.34K 	0.56%
Jun 19, 2014 	2820.08 	2826.03 	2830.00 	2812.15 	41.24K 	0.64%
Jun 18, 2014 	2802.24 	2812.15 	2812.15 	2776.45 	105.45K 	-0.70%
Jun 17, 2014 	2822.07 	2816.12 	2828.02 	2816.12 	294.08K 	-0.14%
Jun 16, 2014 	2826.03 	2845.87 	2853.80 	2824.05 	179.81K 	-0.63%
Jun 13, 2014 	2843.88 	2863.71 	2863.71 	2826.03 	61.03K 	-0.07%
Jun 11, 2014 	2845.87 	2855.78 	2863.71 	2841.90 	103.60K 	-0.42%
Jun 10, 2014 	2857.77 	2871.65 	2873.63 	2853.80 	160.05K 	-0.21%
Jun 09, 2014 	2863.71 	2867.68 	2869.66 	2859.75 	56.74K 	0.00%
Jun 06, 2014 	2863.71 	2865.70 	2869.66 	2857.77 	108.58K 	-0.07%
Jun 05, 2014 	2865.70 	2865.70 	2871.65 	2859.75 	113.64K 	0.00%
Jun 04, 2014 	2865.70 	2867.68 	2879.58 	2863.71 	137.26K 	0.07%
Jun 03, 2014 	2863.71 	2855.78 	2865.70 	2853.80 	120.31K 	0.35%
Jun 02, 2014 	2853.80 	2818.10 	2865.70 	2816.12 	92.49K 	2.06%
May 30, 2014 	2796.29 	2828.02 	2845.87 	2796.29 	151.14K 	-1.05%
May 29, 2014 	2826.03 	2871.65 	2871.65 	2826.03 	124.36K 	-1.59%
May 28, 2014 	2871.65 	2869.66 	2873.63 	2865.70 	204.51K 	0.07%
May 27, 2014 	2869.66 	2875.61 	2875.61 	2863.71 	125.36K 	-0.21%
May 26, 2014 	2875.61 	2877.60 	2881.56 	2871.65 	136.49K 	-0.07%
May 23, 2014 	2877.60 	2875.61 	2885.53 	2863.71 	184.01K 	0.07%
May 22, 2014 	2875.61 	2863.71 	2883.55 	2861.73 	261.39K 	0.55%
May 21, 2014 	2859.75 	2885.53 	2887.51 	2845.87 	166.78K 	-0.21%
May 20, 2014 	2865.70 	2859.75 	2885.53 	2859.75 	60.96K 	-0.28%
May 19, 2014 	2873.63 	2875.61 	2881.56 	2869.66 	23.12K 	0.28%
May 16, 2014 	2865.70 	2871.65 	2873.63 	2859.75 	210.89K 	-0.62%
May 15, 2014 	2883.55 	2881.56 	2917.26 	2881.56 	267.96K 	0.07%
May 14, 2014 	2881.56 	2925.19 	2927.18 	2877.60 	185.64K 	0.41%
May 13, 2014 	2869.66 	2891.48 	2925.19 	2869.66 	202.02K 	-0.28%
May 12, 2014 	2877.60 	2921.23 	2931.14 	2875.61 	289.63K 	-2.42%
May 09, 2014 	2948.99 	2945.03 	2968.82 	2927.18 	843.27K 	2.76%
May 08, 2014 	2869.66 	2869.66 	2877.60 	2865.70 	177.51K 	0.07%
May 07, 2014 	2867.68 	2867.68 	2871.65 	2847.85 	130.40K 	0.00%
May 06, 2014 	2867.68 	2865.70 	2869.66 	2843.88 	73.13K 	0.07%
May 05, 2014 	2865.70 	2855.78 	2865.70 	2826.03 	109.27K 	0.07%
May 02, 2014 	2863.71 	2855.78 	2871.65 	2843.88 	67.17K 	0.28%
Apr 30, 2014 	2855.78 	2816.12 	2855.78 	2816.12 	291.02K 	2.20%
Apr 29, 2014 	2794.30 	2794.30 	2816.12 	2794.30 	101.83K 	0.07%
Apr 28, 2014 	2792.32 	2798.27 	2800.25 	2792.32 	78.89K 	-0.14%
Apr 25, 2014 	2796.29 	2796.29 	2804.22 	2786.37 	90.48K 	0.00%
Apr 24, 2014 	2796.29 	2841.90 	2843.88 	2796.29 	107.30K 	-1.95%
Apr 23, 2014 	2851.82 	2867.68 	2867.68 	2837.93 	200.32K 	-0.62%
Apr 22, 2014 	2869.66 	2875.61 	2875.61 	2857.77 	276.86K 	-0.21%
Apr 21, 2014 	2875.61 	2796.29 	2881.56 	2796.29 	336.34K 	3.57%
Apr 16, 2014 	2776.45 	2750.67 	2784.39 	2750.67 	248.85K 	1.45%
Apr 15, 2014 	2736.79 	2720.93 	2736.79 	2720.93 	301.95K 	0.58%
Apr 14, 2014 	2720.93 	2720.93 	2724.89 	2720.93 	109.02K 	0.00%
Apr 11, 2014 	2720.93 	2734.81 	2734.81 	2716.96 	158.25K 	-0.36%
Apr 10, 2014 	2730.84 	2722.91 	2742.74 	2722.91 	187.00K 	0.29%
Apr 08, 2014 	2722.91 	2714.98 	2722.91 	2705.06 	128.16K 	0.37%
Apr 07, 2014 	2712.99 	2724.89 	2724.89 	2703.08 	103.77K 	0.00%
Apr 04, 2014 	2712.99 	2732.82 	2732.82 	2712.99 	55.21K 	0.00%
Apr 03, 2014 	2712.99 	2732.82 	2736.79 	2701.09 	35.35K 	-0.51%
Apr 02, 2014 	2726.88 	2716.96 	2728.86 	2711.01 	149.96K 	0.73%
Apr 01, 2014 	2707.04 	2707.04 	2711.01 	2693.16 	145.34K 	0.00%
Mar 31, 2014 	2707.04 	2707.04 	2709.03 	2705.06 	165.35K 	0.07%
Mar 28, 2014 	2705.06 	2707.04 	2707.04 	2693.16 	251.26K 	0.44%
Mar 27, 2014 	2693.16 	2681.26 	2693.16 	2675.31 	372.92K 	0.52%
Mar 26, 2014 	2679.28 	2683.25 	2693.16 	2677.30 	230.45K 	-0.07%
Mar 25, 2014 	2681.26 	2685.23 	2685.23 	2669.36 	187.99K 	-0.15%
Mar 24, 2014 	2685.23 	2663.41 	2687.21 	2663.41 	160.68K 	1.04%
Mar 21, 2014 	2657.46 	2724.89 	2724.89 	2657.46 	316.39K 	-2.47%
Mar 20, 2014 	2724.89 	2677.30 	2724.89 	2665.40 	164.20K 	1.70%
Mar 19, 2014 	2679.28 	2677.30 	2683.25 	2675.31 	304.11K 	0.15%
Mar 18, 2014 	2675.31 	2647.55 	2677.30 	2647.55 	194.85K 	1.20%
Mar 17, 2014 	2643.58 	2643.58 	2649.53 	2631.68 	144.48K 	0.00%
Mar 14, 2014 	2643.58 	2677.30 	2677.30 	2637.63 	145.99K 	-1.99%
Mar 13, 2014 	2697.13 	2655.48 	2697.13 	2645.56 	321.92K 	-2.23%
Mar 12, 2014 	2758.61 	2788.35 	2792.32 	2758.61 	241.85K 	-1.35%
Mar 11, 2014 	2796.29 	2776.45 	2796.29 	2774.47 	268.85K 	0.64%
Mar 10, 2014 	2778.44 	2778.44 	2788.35 	2768.52 	224.40K 	0.07%
Mar 07, 2014 	2776.45 	2784.39 	2802.24 	2774.47 	219.84K 	-0.14%
Mar 06, 2014 	2780.42 	2770.51 	2782.40 	2758.61 	322.63K 	1.59%
Mar 05, 2014 	2736.79 	2724.89 	2768.52 	2709.03 	382.63K 	1.47%
Mar 04, 2014 	2697.13 	2685.23 	2705.06 	2685.23 	432.49K 	0.52%
Mar 03, 2014 	2683.25 	2673.33 	2693.16 	2669.36 	183.72K 	0.37%
Feb 28, 2014 	2673.33 	2681.26 	2683.25 	2667.38 	261.24K 	0.45%
Feb 27, 2014 	2661.43 	2673.33 	2677.30 	2655.48 	259.12K 	-0.52%
Feb 26, 2014 	2675.31 	2679.28 	2683.25 	2675.31 	132.93K 	-0.30%
Feb 25, 2014 	2683.25 	2683.25 	2689.19 	2679.28 	176.10K 	0.00%
Feb 24, 2014 	2683.25 	2683.25 	2711.01 	2677.30 	114.56K 	0.07%
Feb 21, 2014 	2681.26 	2669.36 	2701.09 	2669.36 	197.99K 	0.52%
Feb 20, 2014 	2667.38 	2675.31 	2681.26 	2667.38 	151.57K 	-0.37%
Feb 19, 2014 	2677.30 	2683.25 	2685.23 	2671.35 	236.31K 	0.15%
Feb 18, 2014 	2673.33 	2673.33 	2693.16 	2669.36 	133.88K 	-0.81%
Feb 17, 2014 	2695.14 	2663.41 	2697.13 	2663.41 	93.20K 	1.34%
Feb 14, 2014 	2659.45 	2659.45 	2663.41 	2653.50 	177.02K 	-0.30%
Feb 13, 2014 	2667.38 	2661.43 	2675.31 	2647.55 	115.58K 	-0.59%
Feb 12, 2014 	2683.25 	2677.30 	2697.13 	2677.30 	130.78K 	0.22%
Feb 11, 2014 	2677.30 	2663.41 	2683.25 	2637.63 	105.10K 	0.52%
Feb 10, 2014 	2663.41 	2631.68 	2673.33 	2631.68 	110.63K 	1.44%
Feb 07, 2014 	2625.73 	2617.80 	2657.46 	2617.80 	276.91K 	1.69%
Feb 06, 2014 	2582.10 	2595.99 	2607.88 	2582.10 	103.26K 	-0.46%
Feb 05, 2014 	2594.00 	2609.87 	2625.73 	2582.10 	261.53K 	-0.08%
Feb 04, 2014 	2595.99 	2637.63 	2637.63 	2595.99 	222.63K 	-2.77%
Feb 03, 2014 	2670.00 	2700.00 	2706.00 	2668.00 	220.02K 	-1.04%
Jan 30, 2014 	2698.00 	2690.00 	2702.00 	2664.00 	252.91K 	-0.30%
Jan 29, 2014 	2706.00 	2702.00 	2716.00 	2698.00 	196.03K 	0.07%
Jan 28, 2014 	2704.00 	2706.00 	2710.00 	2700.00 	126.00K 	-0.22%
Jan 27, 2014 	2710.00 	2728.00 	2728.00 	2696.00 	185.49K 	-1.38%
Jan 24, 2014 	2748.00 	2780.00 	2780.00 	2732.00 	152.99K 	-1.72%
Jan 23, 2014 	2796.00 	2800.00 	2810.00 	2794.00 	411.11K 	0.00%
Jan 22, 2014 	2796.00 	2762.00 	2804.00 	2762.00 	359.54K 	1.23%
Jan 21, 2014 	2762.00 	2700.00 	2768.00 	2688.00 	145.65K 	2.52%
Jan 20, 2014 	2694.00 	2678.00 	2694.00 	2678.00 	212.68K 	0.60%
Jan 17, 2014 	2678.00 	2674.00 	2698.00 	2662.00 	92.13K 	-0.30%
Jan 16, 2014 	2686.00 	2690.00 	2700.00 	2684.00 	119.17K 	0.15%
Jan 15, 2014 	2682.00 	2700.00 	2700.00 	2680.00 	192.36K 	-0.67%
Jan 14, 2014 	2700.00 	2710.00 	2710.00 	2690.00 	200.11K 	-0.37%
Jan 13, 2014 	2710.00 	2692.00 	2720.00 	2692.00 	259.90K 	0.74%
Jan 10, 2014 	2690.00 	2698.00 	2728.00 	2690.00 	261.76K 	-0.15%
Jan 09, 2014 	2694.00 	2668.00 	2694.00 	2668.00 	143.96K 	0.97%
Jan 08, 2014 	2668.00 	2628.00 	2668.00 	2626.00 	177.00K 	1.52%
Jan 07, 2014 	2628.00 	2640.00 	2642.00 	2624.00 	126.54K 	-0.90%
Jan 06, 2014 	2652.00 	2640.00 	2658.00 	2640.00 	117.84K 	0.68%
Jan 03, 2014 	2634.00 	2666.00 	2666.00 	2608.00 	81.32K 	-1.27%
Jan 02, 2014 	2668.00 	2678.00 	2682.00 	2660.00 	62.44K 	0.08%
Dec 27, 2013 	2666.00 	2660.00 	2666.00 	2650.00 	153.29K 	0.15%
Dec 26, 2013 	2662.00 	2648.00 	2672.00 	2646.00 	79.43K 	0.83%
Dec 23, 2013 	2640.00 	2648.00 	2666.00 	2630.00 	57.20K 	-0.23%
Dec 20, 2013 	2646.00 	2672.00 	2672.00 	2634.00 	128.35K 	-0.97%
Dec 19, 2013 	2672.00 	2682.00 	2700.00 	2672.00 	242.18K 	-0.07%
Dec 18, 2013 	2674.00 	2644.00 	2690.00 	2630.00 	89.63K 	1.06%
Dec 17, 2013 	2646.00 	2636.00 	2650.00 	2634.00 	120.18K 	0.46%
Dec 16, 2013 	2634.00 	2620.00 	2644.00 	2614.00 	105.56K 	0.38%
Dec 13, 2013 	2624.00 	2610.00 	2638.00 	2600.00 	283.65K 	0.54%
Dec 12, 2013 	2610.00 	2648.00 	2658.00 	2600.00 	190.30K 	-1.29%
Dec 11, 2013 	2644.00 	2628.00 	2666.00 	2622.00 	222.58K 	0.84%
Dec 10, 2013 	2622.00 	2614.00 	2636.00 	2612.00 	162.35K 	0.38%
Dec 09, 2013 	2612.00 	2640.00 	2658.00 	2590.00 	253.50K 	-0.68%
Dec 06, 2013 	2630.00 	2620.00 	2640.00 	2610.00 	493.54K 	0.38%
Dec 05, 2013 	2620.00 	2704.00 	2720.00 	2610.00 	216.00K 	-3.11%
Dec 04, 2013 	2704.00 	2740.00 	2740.00 	2702.00 	129.66K 	-1.39%
Dec 03, 2013 	2742.00 	2720.00 	2756.00 	2686.00 	151.26K 	0.59%
Dec 02, 2013 	2726.00 	2722.00 	2750.00 	2706.00 	196.14K 	0.59%
Nov 29, 2013 	2710.00 	2654.00 	2710.00 	2632.00 	230.11K 	2.26%
Nov 28, 2013 	2650.00 	2606.00 	2662.00 	2606.00 	254.63K 	1.77%
Nov 27, 2013 	2604.00 	2590.00 	2618.00 	2572.00 	341.57K 	0.85%
Nov 26, 2013 	2582.00 	2622.00 	2628.00 	2582.00 	349.26K 	-1.83%
Nov 25, 2013 	2630.00 	2674.00 	2680.00 	2620.00 	201.30K 	-1.57%
Nov 22, 2013 	2672.00 	2750.00 	2750.00 	2670.00 	204.76K 	-1.40%
Nov 21, 2013 	2710.00 	2740.00 	2750.00 	2690.00 	150.33K 	-1.31%
Nov 20, 2013 	2746.00 	2746.00 	2748.00 	2726.00 	150.98K 	-1.01%
Nov 19, 2013 	2774.00 	2796.00 	2800.00 	2774.00 	60.57K 	-1.28%
Nov 18, 2013 	2810.00 	2798.00 	2816.00 	2798.00 	94.69K 	0.43%
Nov 15, 2013 	2798.00 	2800.00 	2816.00 	2798.00 	210.01K 	-0.07%
Nov 14, 2013 	2800.00 	2800.00 	2800.00 	2786.00 	161.22K 	0.00%
Nov 13, 2013 	2800.00 	2824.00 	2824.00 	2780.00 	248.14K 	-0.99%
Nov 12, 2013 	2828.00 	2848.00 	2848.00 	2776.00 	88.30K 	2.69%
Nov 11, 2013 	2754.00 	2784.00 	2784.00 	2746.00 	81.07K 	-1.08%
Nov 08, 2013 	2784.00 	2782.00 	2798.00 	2770.00 	118.89K 	-0.50%
Nov 07, 2013 	2798.00 	2800.00 	2818.00 	2786.00 	178.51K 	-0.07%
Nov 06, 2013 	2800.00 	2810.00 	2834.00 	2798.00 	701.76K 	-0.36%
Nov 05, 2013 	2810.00 	2842.00 	2842.00 	2800.00 	174.14K 	-0.50%
Nov 04, 2013 	2824.00 	2870.00 	2870.00 	2814.00 	187.82K 	-1.60%
Oct 31, 2013 	2870.00 	2860.00 	2890.00 	2850.00 	297.27K 	0.35%
Oct 30, 2013 	2860.00 	2856.00 	2870.00 	2856.00 	414.59K 	0.21%
Oct 29, 2013 	2854.00 	2854.00 	2866.00 	2848.00 	292.92K 	0.14%
Oct 25, 2013 	2850.00 	2860.00 	2868.00 	2850.00 	203.53K 	-0.35%
Oct 24, 2013 	2860.00 	2850.00 	2866.00 	2846.00 	217.31K 	0.14%
Oct 23, 2013 	2856.00 	2868.00 	2868.00 	2852.00 	423.32K 	-0.42%
Oct 22, 2013 	2868.00 	2840.00 	2890.00 	2840.00 	274.99K 	1.20%
Oct 21, 2013 	2834.00 	2852.00 	2860.00 	2832.00 	339.28K 	-0.77%
Oct 18, 2013 	2856.00 	2888.00 	2888.00 	2852.00 	238.52K 	0.14%
Oct 17, 2013 	2852.00 	2874.00 	2894.00 	2840.00 	333.32K 	-0.28%
Oct 16, 2013 	2860.00 	2870.00 	2870.00 	2856.00 	301.45K 	-0.35%
Oct 14, 2013 	2870.00 	2898.00 	2898.00 	2858.00 	159.72K 	-1.03%
Oct 11, 2013 	2900.00 	2944.00 	2950.00 	2896.00 	491.34K 	-0.96%
Oct 10, 2013 	2928.00 	2930.00 	2936.00 	2918.00 	288.35K 	0.07%
Oct 09, 2013 	2926.00 	2990.00 	2990.00 	2918.00 	137.56K 	-2.34%
Oct 08, 2013 	2996.00 	3000.00 	3006.00 	2990.00 	123.58K 	-0.13%
Oct 07, 2013 	3000.00 	3020.00 	3020.00 	3000.00 	85.27K 	-0.66%
Oct 04, 2013 	3020.00 	3034.00 	3050.00 	3020.00 	54.04K 	-0.66%
Oct 03, 2013 	3040.00 	3028.00 	3054.00 	3020.00 	111.33K 	0.40%
Oct 02, 2013 	3028.00 	2992.00 	3036.00 	2992.00 	160.78K 	1.61%
Oct 01, 2013 	2980.00 	2978.00 	3004.00 	2950.00 	81.87K 	0.07%
Sep 30, 2013 	2978.00 	2952.00 	2992.00 	2950.00 	238.48K 	1.22%
Sep 27, 2013 	2942.00 	2998.00 	3020.00 	2942.00 	125.25K 	-0.88%
Sep 26, 2013 	2968.00 	2956.00 	3000.00 	2940.00 	232.01K 	0.41%
Sep 25, 2013 	2956.00 	2982.00 	2994.00 	2954.00 	157.29K 	-1.34%
Sep 24, 2013 	2996.00 	3014.00 	3014.00 	2986.00 	164.53K 	-0.60%
Sep 23, 2013 	3014.00 	3064.00 	3064.00 	3000.00 	162.13K 	-1.76%
Sep 20, 2013 	3068.00 	3000.00 	3080.00 	3000.00 	146.51K 	2.20%
Sep 19, 2013 	3002.00 	3040.00 	3080.00 	3000.00 	106.09K 	2.04%
Sep 18, 2013 	2942.00 	2940.00 	2950.00 	2910.00 	159.15K 	0.07%
Sep 17, 2013 	2940.00 	2940.00 	2940.00 	2900.00 	67.86K 	1.03%
Sep 16, 2013 	2910.00 	2862.00 	2928.00 	2862.00 	274.94K 	2.18%
Sep 13, 2013 	2848.00 	2832.00 	2878.00 	2830.00 	100.98K 	-1.39%
Sep 12, 2013 	2888.00 	2898.00 	2898.00 	2870.00 	140.05K 	-0.07%
Sep 11, 2013 	2890.00 	2904.00 	2904.00 	2862.00 	303.52K 	1.47%
Sep 10, 2013 	2848.00 	2850.00 	2876.00 	2844.00 	135.30K 	1.28%
Sep 09, 2013 	2812.00 	2814.00 	2830.00 	2808.00 	132.06K 	0.07%
Sep 06, 2013 	2810.00 	2786.00 	2848.00 	2786.00 	222.64K 	0.86%
Sep 05, 2013 	2786.00 	2800.00 	2800.00 	2780.00 	161.23K 	-0.14%
Sep 04, 2013 	2790.00 	2846.00 	2846.00 	2780.00 	229.25K 	-2.11%
Sep 03, 2013 	2850.00 	2880.00 	2880.00 	2820.00 	112.85K 	-0.35%
Sep 02, 2013 	2860.00 	2878.00 	2910.00 	2850.00 	105.11K 	-0.63%
Aug 30, 2013 	2878.00 	2850.00 	2878.00 	2804.00 	236.03K 	2.79%
Aug 29, 2013 	2800.00 	2770.00 	2806.00 	2728.00 	185.32K 	0.36%
Aug 28, 2013 	2790.00 	2750.00 	2790.00 	2680.00 	264.31K 	-1.20%
Aug 27, 2013 	2824.00 	2800.00 	2850.00 	2800.00 	162.00K 	-3.95%
Aug 23, 2013 	2940.00 	2940.00 	2950.00 	2900.00 	245.31K 	-0.20%
Aug 22, 2013 	2946.00 	2930.00 	2960.00 	2880.00 	287.99K 	-3.98%
Aug 16, 2013 	3068.00 	3070.00 	3074.00 	3052.00 	57.46K 	-0.07%
Aug 15, 2013 	3070.00 	3066.00 	3090.00 	3066.00 	149.89K 	0.00%
Aug 14, 2013 	3070.00 	3070.00 	3074.00 	3060.00 	123.77K 	-0.07%
Aug 13, 2013 	3072.00 	3078.00 	3080.00 	3068.00 	235.46K 	-0.07%
Aug 12, 2013 	3074.00 	3074.00 	3090.00 	3072.00 	74.02K 	0.00%
Aug 08, 2013 	3074.00 	3088.00 	3088.00 	3060.00 	82.10K 	-0.32%
Aug 07, 2013 	3084.00 	3080.00 	3090.00 	3020.00 	65.18K 	0.13%
Aug 06, 2013 	3080.00 	3082.00 	3084.00 	3074.00 	99.14K 	-0.06%
Aug 05, 2013 	3082.00 	3074.00 	3090.00 	3074.00 	70.37K 	0.26%
Aug 02, 2013 	3074.00 	3044.00 	3100.00 	3044.00 	134.99K 	1.18%
Aug 01, 2013 	3038.00 	3038.00 	3040.00 	3002.00 	54.30K 	0.60%
Jul 31, 2013 	3020.00 	3080.00 	3080.00 	3000.00 	149.69K 	-0.98%
Jul 30, 2013 	3050.00 	3058.00 	3058.00 	3030.00 	81.75K 	-0.20%
Jul 29, 2013 	3056.00 	3020.00 	3064.00 	3010.00 	98.24K 	1.53%
Jul 26, 2013 	3010.00 	3096.00 	3096.00 	3000.00 	69.53K 	-1.89%
Jul 25, 2013 	3068.00 	3084.00 	3084.00 	3064.00 	180.59K 	-0.32%
Jul 24, 2013 	3078.00 	3102.00 	3110.00 	3076.00 	124.35K 	-0.71%
Jul 23, 2013 	3100.00 	3018.00 	3102.00 	3018.00 	339.91K 	2.79%
Jul 22, 2013 	3016.00 	2972.00 	3040.00 	2972.00 	91.51K 	1.55%
Jul 19, 2013 	2970.00 	2954.00 	2996.00 	2924.00 	141.68K 	0.47%
Jul 18, 2013 	2956.00 	2900.00 	2960.00 	2900.00 	257.70K 	2.43%
Jul 17, 2013 	2886.00 	2900.00 	2900.00 	2860.00 	136.71K 	-0.48%
Jul 16, 2013 	2900.00 	2900.00 	2930.00 	2880.00 	228.36K 	0.35%
Jul 15, 2013 	2890.00 	2880.00 	2900.00 	2876.00 	259.37K 	1.47%
Jul 12, 2013 	2848.00 	2886.00 	2886.00 	2842.00 	306.38K 	0.85%
Jul 11, 2013 	2824.00 	2810.00 	2878.00 	2804.00 	225.83K 	0.79%
Jul 10, 2013 	2802.00 	2832.00 	2832.00 	2796.00 	120.91K 	-0.92%
Jul 09, 2013 	2828.00 	2830.00 	2850.00 	2826.00 	63.36K 	0.00%
Jul 08, 2013 	2828.00 	2854.00 	2896.00 	2820.00 	80.90K 	-1.05%
Jul 05, 2013 	2858.00 	2900.00 	2910.00 	2858.00 	152.47K 	-1.18%
Jul 04, 2013 	2892.00 	2854.00 	2912.00 	2848.00 	82.93K 	1.33%
Jul 03, 2013 	2854.00 	2840.00 	2886.00 	2840.00 	201.85K 	0.85%
Jul 02, 2013 	2830.00 	2990.00 	2990.00 	2830.00 	91.27K 	-3.41%
Jul 01, 2013 	2930.00 	2938.00 	2960.00 	2910.00 	115.39K 	-0.34%
Jun 28, 2013 	2940.00 	2922.00 	2940.00 	2900.00 	234.66K 	1.31%
Jun 27, 2013 	2902.00 	2848.00 	2910.00 	2848.00 	369.98K 	3.64%
Jun 26, 2013 	2800.00 	2730.00 	2820.00 	2730.00 	201.94K 	3.32%
Jun 25, 2013 	2710.00 	2720.00 	2780.00 	2682.00 	370.85K 	-1.38%
Jun 24, 2013 	2748.00 	2788.00 	2790.00 	2744.00 	263.08K 	-1.43%
Jun 21, 2013 	2788.00 	2798.00 	2798.00 	2770.00 	478.83K 	-1.13%
Jun 20, 2013 	2820.00 	2848.00 	2860.00 	2790.00 	100.53K 	-2.83%
Jun 19, 2013 	2902.00 	2930.00 	2930.00 	2860.00 	115.31K 	-0.96%
Jun 18, 2013 	2930.00 	2850.00 	2966.00 	2850.00 	137.60K 	2.81%
Jun 17, 2013 	2850.00 	2842.00 	2852.00 	2750.00 	121.17K 	0.28%
Jun 14, 2013 	2842.00 	2802.00 	2900.00 	2802.00 	299.29K 	2.23%
Jun 13, 2013 	2780.00 	2960.00 	2960.00 	2780.00 	320.23K 	-6.40%
Jun 11, 2013 	2970.00 	3086.00 	3086.00 	2954.00 	194.36K 	-4.19%
Jun 10, 2013 	3100.00 	2980.00 	3106.00 	2962.00 	161.04K 	5.08%
Jun 07, 2013 	2950.00 	2924.00 	2990.00 	2906.00 	192.58K 	1.03%
Jun 06, 2013 	2920.00 	2888.00 	2930.00 	2852.00 	206.47K 	1.04%
Jun 05, 2013 	2890.00 	2890.00 	2950.00 	2874.00 	154.56K 	0.00%
Jun 04, 2013 	2890.00 	2998.00 	3002.00 	2860.00 	284.33K 	-3.28%
Jun 03, 2013 	2988.00 	3100.00 	3100.00 	2960.00 	208.44K 	-3.55%
May 31, 2013 	3098.00 	3034.00 	3148.00 	3024.00 	226.89K 	0.78%
May 30, 2013 	3074.00 	3176.00 	3180.00 	3074.00 	187.38K 	-3.33%
May 29, 2013 	3180.00 	3168.00 	3180.00 	3156.00 	193.53K 	0.70%
May 28, 2013 	3158.00 	3152.00 	3162.00 	3130.00 	99.51K 	0.19%
May 27, 2013 	3152.00 	3178.00 	3178.00 	3130.00 	81.61K 	-0.82%
May 24, 2013 	3178.00 	3152.00 	3190.00 	3152.00 	90.85K 	-0.38%
May 23, 2013 	3190.00 	3178.00 	3190.00 	3166.00 	150.24K 	0.38%
May 22, 2013 	3178.00 	3170.00 	3180.00 	3168.00 	126.07K 	0.32%
May 21, 2013 	3168.00 	3180.00 	3190.00 	3160.00 	138.14K 	-0.38%
May 20, 2013 	3180.00 	3180.00 	3184.00 	3178.00 	177.22K 	0.00%
May 17, 2013 	3180.00 	3206.00 	3208.00 	3150.00 	122.57K 	-0.93%
May 16, 2013 	3210.00 	3240.00 	3240.00 	3180.00 	112.57K 	-1.23%
May 15, 2013 	3250.00 	3210.00 	3290.00 	3210.00 	221.00K 	1.25%
May 14, 2013 	3210.00 	3134.00 	3254.00 	3134.00 	318.68K 	2.62%
May 10, 2013 	3128.00 	3116.00 	3128.00 	3114.00 	187.75K 	0.39%
May 09, 2013 	3116.00 	3108.00 	3116.00 	3108.00 	142.08K 	0.26%
May 08, 2013 	3108.00 	3084.00 	3108.00 	3084.00 	197.98K 	1.04%
May 07, 2013 	3076.00 	3070.00 	3078.00 	3054.00 	93.28K 	0.07%
May 06, 2013 	3074.00 	3094.00 	3100.00 	3070.00 	114.43K 	-0.52%
May 03, 2013 	3090.00 	3104.00 	3132.00 	3080.00 	332.39K 	0.32%
May 02, 2013 	3080.00 	3044.00 	3088.00 	3034.00 	120.09K 	1.12%
Apr 30, 2013 	3046.00 	3012.00 	3052.00 	3012.00 	233.71K 	1.60%
Apr 29, 2013 	2998.00 	2996.00 	3012.00 	2996.00 	155.77K 	0.20%
Apr 26, 2013 	2992.00 	2978.00 	3020.00 	2978.00 	193.06K 	0.61%
Apr 25, 2013 	2974.00 	2974.00 	2988.00 	2968.00 	178.11K 	-0.47%
Apr 24, 2013 	2988.00 	3000.00 	3002.00 	2972.00 	76.33K 	-0.20%
Apr 23, 2013 	2994.00 	2996.00 	2996.00 	2974.00 	107.93K 	-0.13%
Apr 22, 2013 	2998.00 	2994.00 	3004.00 	2974.00 	234.17K 	-0.07%
Apr 19, 2013 	3000.00 	2902.00 	3004.00 	2900.00 	145.58K 	3.52%
Apr 18, 2013 	2898.00 	2896.00 	2906.00 	2890.00 	104.88K 	-0.41%
Apr 17, 2013 	2910.00 	2884.00 	2920.00 	2884.00 	207.58K 	0.90%
Apr 16, 2013 	2884.00 	2840.00 	2884.00 	2830.00 	197.56K 	0.00%
Apr 15, 2013 	2884.00 	2920.00 	2920.00 	2880.00 	142.10K 	-1.23%
Apr 12, 2013 	2920.00 	2870.00 	2920.00 	2870.00 	92.54K 	1.88%
Apr 11, 2013 	2866.00 	2896.00 	2896.00 	2864.00 	161.08K 	-0.49%
Apr 10, 2013 	2880.00 	2840.00 	2908.00 	2840.00 	274.48K 	1.55%
Apr 08, 2013 	2836.00 	2884.00 	2888.00 	2824.00 	172.83K 	-1.80%
Apr 05, 2013 	2888.00 	2896.00 	2896.00 	2882.00 	116.28K 	-0.28%
Apr 04, 2013 	2896.00 	2906.00 	2906.00 	2878.00 	124.75K 	-0.48%
Apr 03, 2013 	2910.00 	2888.00 	2920.00 	2886.00 	270.78K 	0.83%
Apr 02, 2013 	2886.00 	2912.00 	2912.00 	2878.00 	128.82K 	-1.30%
Apr 01, 2013 	2924.00 	2950.00 	2956.00 	2924.00 	280.84K 	-2.14%
Mar 27, 2013 	2988.00 	2868.00 	2988.00 	2868.00 	258.32K 	4.18%
Mar 26, 2013 	2868.00 	2832.00 	2890.00 	2832.00 	183.39K 	1.92%
Mar 25, 2013 	2814.00 	2796.00 	2828.00 	2796.00 	187.09K 	0.79%
Mar 22, 2013 	2792.00 	2808.00 	2820.00 	2792.00 	348.00K 	-0.64%
Mar 21, 2013 	2810.00 	2786.00 	2824.00 	2780.00 	204.23K 	3.23%
Mar 20, 2013 	2722.00 	2710.00 	2748.00 	2684.00 	271.96K 	0.44%
Mar 19, 2013 	2710.00 	2780.00 	2780.00 	2700.00 	215.07K 	-2.87%
Mar 18, 2013 	2790.00 	2840.00 	2840.00 	2778.00 	169.52K 	-1.90%
Mar 15, 2013 	2844.00 	2860.00 	2872.00 	2820.00 	401.26K 	-0.56%
Mar 14, 2013 	2860.00 	2920.00 	2920.00 	2842.00 	209.81K 	-3.64%
Mar 13, 2013 	2968.00 	2968.00 	2980.00 	2950.00 	258.29K 	0.27%
Mar 12, 2013 	2960.00 	2972.00 	2982.00 	2944.00 	269.98K 	-0.34%
Mar 11, 2013 	2970.00 	2994.00 	2994.00 	2960.00 	262.97K 	-0.80%
Mar 08, 2013 	2994.00 	2952.00 	2998.00 	2952.00 	195.54K 	1.77%
Mar 07, 2013 	2942.00 	2988.00 	2988.00 	2902.00 	107.75K 	-1.67%
Mar 06, 2013 	2992.00 	2998.00 	3004.00 	2980.00 	193.86K 	0.20%
Mar 05, 2013 	2986.00 	2920.00 	3000.00 	2920.00 	237.92K 	2.26%
Mar 04, 2013 	2920.00 	2910.00 	2920.00 	2900.00 	105.10K 	0.34%
Mar 01, 2013 	2910.00 	2910.00 	2910.00 	2880.00 	92.99K 	-0.34%
Feb 28, 2013 	2920.00 	2890.00 	2920.00 	2880.00 	239.43K 	1.04%
Feb 27, 2013 	2890.00 	2890.00 	2896.00 	2864.00 	113.75K 	0.70%
Feb 26, 2013 	2870.00 	2884.00 	2884.00 	2840.00 	78.12K 	-1.03%
Feb 25, 2013 	2900.00 	2872.00 	2900.00 	2872.00 	44.08K 	1.05%
Feb 22, 2013 	2870.00 	2896.00 	2896.00 	2804.00 	163.73K 	-0.90%
Feb 21, 2013 	2896.00 	2878.00 	2898.00 	2850.00 	208.64K 	0.49%
Feb 20, 2013 	2882.00 	2890.00 	2890.00 	2842.00 	90.34K 	1.12%
Feb 19, 2013 	2850.00 	2852.00 	2880.00 	2846.00 	126.52K 	0.00%
Feb 18, 2013 	2850.00 	2840.00 	2860.00 	2840.00 	154.98K 	0.35%
Feb 15, 2013 	2840.00 	2862.00 	2862.00 	2840.00 	127.30K 	-0.70%
Feb 14, 2013 	2860.00 	2878.00 	2878.00 	2856.00 	76.76K 	-0.69%
Feb 13, 2013 	2880.00 	2866.00 	2890.00 	2858.00 	81.31K 	0.56%
Feb 12, 2013 	2864.00 	2874.00 	2874.00 	2852.00 	57.75K 	-0.56%
Feb 11, 2013 	2880.00 	2892.00 	2896.00 	2876.00 	37.81K 	-0.55%
Feb 08, 2013 	2896.00 	2890.00 	2906.00 	2888.00 	75.70K 	0.28%
Feb 07, 2013 	2888.00 	2894.00 	2900.00 	2874.00 	110.82K 	-0.21%
Feb 06, 2013 	2894.00 	2914.00 	2916.00 	2890.00 	118.23K 	-0.62%
Feb 05, 2013 	2912.00 	2890.00 	2918.00 	2880.00 	110.67K 	1.11%
Feb 04, 2013 	2880.00 	2828.00 	2900.00 	2828.00 	139.68K 	2.13%
Feb 01, 2013 	2820.00 	2790.00 	2850.00 	2790.00 	125.90K 	1.22%
Jan 31, 2013 	2786.00 	2846.00 	2860.00 	2786.00 	202.25K 	-2.04%
Jan 30, 2013 	2844.00 	2808.00 	2870.00 	2806.00 	191.96K 	1.43%
Jan 29, 2013 	2804.00 	2820.00 	2820.00 	2798.00 	119.30K 	0.72%
Jan 28, 2013 	2784.00 	2820.00 	2820.00 	2766.00 	250.97K 	-1.28%
Jan 25, 2013 	2820.00 	2806.00 	2832.00 	2806.00 	88.58K 	1.00%
Jan 24, 2013 	2792.00 	2780.00 	2816.00 	2780.00 	130.01K 	0.22%
Jan 23, 2013 	2786.00 	2808.00 	2808.00 	2780.00 	113.77K 	-1.00%
Jan 22, 2013 	2814.00 	2894.00 	2894.00 	2810.00 	364.55K 	-2.63%
Jan 21, 2013 	2890.00 	2850.00 	2910.00 	2850.00 	305.54K 	3.21%
Jan 18, 2013 	2800.00 	2728.00 	2900.00 	2720.00 	392.91K 	3.17%
Jan 17, 2013 	2714.00 	2700.00 	2730.00 	2700.00 	227.27K 	0.59%
Jan 16, 2013 	2698.00 	2706.00 	2712.00 	2698.00 	228.47K 	-0.37%
Jan 15, 2013 	2708.00 	2698.00 	2720.00 	2690.00 	127.36K 	0.37%
Jan 14, 2013 	2698.00 	2690.00 	2698.00 	2688.00 	169.97K 	0.37%
Jan 11, 2013 	2688.00 	2660.00 	2700.00 	2660.00 	156.25K 	1.97%
Jan 10, 2013 	2636.00 	2650.00 	2650.00 	2634.00 	106.68K 	-0.45%
Jan 09, 2013 	2648.00 	2648.00 	2654.00 	2640.00 	188.86K 	0.08%
Jan 08, 2013 	2646.00 	2644.00 	2650.00 	2638.00 	191.29K 	-0.60%
Jan 07, 2013 	2662.00 	2650.00 	2686.00 	2642.00 	173.09K 	0.45%
Jan 04, 2013 	2650.00 	2612.00 	2662.00 	2612.00 	167.39K 	1.45%
Jan 03, 2013 	2612.00 	2572.00 	2628.00 	2572.00 	225.83K 	2.03%
Jan 02, 2013 	2560.00 	2530.00 	2570.00 	2530.00 	38.49K 	1.19%
Dec 28, 2012 	2530.00 	2560.00 	2560.00 	2530.00 	127.40K 	-0.86%
Dec 27, 2012 	2552.00 	2566.00 	2566.00 	2550.00 	128.70K 	-0.70%
Dec 26, 2012 	2570.00 	2578.00 	2578.00 	2568.00 	58.69K 	0.00%
Dec 21, 2012 	2570.00 	2576.00 	2598.00 	2568.00 	167.66K 	1.18%
Dec 20, 2012 	2540.00 	2576.00 	2576.00 	2540.00 	216.37K 	-1.47%
Dec 19, 2012 	2578.00 	2600.00 	2600.00 	2560.00 	198.77K 	0.78%
Dec 18, 2012 	2558.00 	2560.00 	2584.00 	2554.00 	84.17K 	1.27%
Dec 17, 2012 	2526.00 	2588.00 	2588.00 	2520.00 	238.92K 	-1.33%
Dec 14, 2012 	2560.00 	2588.00 	2588.00 	2560.00 	87.23K 	-1.31%
Dec 13, 2012 	2594.00 	2608.00 	2618.00 	2582.00 	234.64K 	-0.08%
Dec 12, 2012 	2596.00 	2630.00 	2630.00 	2596.00 	154.34K 	-1.29%
Dec 11, 2012 	2630.00 	2618.00 	2638.00 	2618.00 	169.65K 	0.38%
Dec 10, 2012 	2620.00 	2648.00 	2670.00 	2604.00 	97.93K 	-1.06%
Dec 07, 2012 	2648.00 	2610.00 	2660.00 	2610.00 	467.07K 	1.46%
Dec 06, 2012 	2610.00 	2542.00 	2650.00 	2540.00 	390.51K 	2.76%
Dec 05, 2012 	2540.00 	2542.00 	2550.00 	2540.00 	139.82K 	-0.08%
Dec 04, 2012 	2542.00 	2532.00 	2546.00 	2524.00 	131.60K 	0.47%
Dec 03, 2012 	2530.00 	2586.00 	2590.00 	2528.00 	179.03K 	-2.17%
Nov 29, 2012 	2586.00 	2596.00 	2596.00 	2576.00 	260.68K 	0.00%
Nov 28, 2012 	2586.00 	2548.00 	2608.00 	2540.00 	304.69K 	1.41%
Nov 27, 2012 	2550.00 	2514.00 	2580.00 	2510.00 	139.21K 	1.59%
Nov 26, 2012 	2510.00 	2510.00 	2518.00 	2502.00 	167.58K 	0.40%
Nov 23, 2012 	2500.00 	2508.00 	2510.00 	2498.00 	110.59K 	-0.32%
Nov 22, 2012 	2508.00 	2510.00 	2510.00 	2502.00 	66.66K 	0.00%
Nov 21, 2012 	2508.00 	2482.00 	2512.00 	2482.00 	86.15K 	1.13%
Nov 20, 2012 	2480.00 	2506.00 	2506.00 	2480.00 	94.02K 	-0.80%
Nov 19, 2012 	2500.00 	2518.00 	2518.00 	2500.00 	62.70K 	-0.24%
Nov 16, 2012 	2506.00 	2500.00 	2516.00 	2498.00 	116.04K 	0.16%
Nov 15, 2012 	2502.00 	2560.00 	2560.00 	2500.00 	203.22K 	-1.88%
Nov 14, 2012 	2550.00 	2594.00 	2600.00 	2550.00 	73.80K 	-1.54%
Nov 13, 2012 	2590.00 	2600.00 	2600.00 	2580.00 	94.62K 	-0.77%
Nov 12, 2012 	2610.00 	2650.00 	2650.00 	2606.00 	74.36K 	-0.76%
Nov 09, 2012 	2630.00 	2600.00 	2632.00 	2582.00 	124.57K 	1.94%
Nov 08, 2012 	2580.00 	2582.00 	2586.00 	2560.00 	82.86K 	-0.08%
Nov 07, 2012 	2582.00 	2628.00 	2628.00 	2580.00 	226.35K 	-2.57%
Nov 06, 2012 	2650.00 	2650.00 	2660.00 	2618.00 	48.63K 	1.15%
Nov 05, 2012 	2620.00 	2698.00 	2704.00 	2598.00 	232.39K 	-1.13%
Oct 31, 2012 	2650.00 	2656.00 	2678.00 	2648.00 	170.31K 	-0.23%
Oct 30, 2012 	2656.00 	2640.00 	2656.00 	2640.00 	65.15K 	0.84%
Oct 29, 2012 	2634.00 	2670.00 	2670.00 	2634.00 	76.90K 	-0.90%
Oct 25, 2012 	2658.00 	2690.00 	2690.00 	2640.00 	120.38K 	-0.75%
Oct 24, 2012 	2678.00 	2650.00 	2700.00 	2640.00 	107.00K 	1.06%
Oct 23, 2012 	2650.00 	2668.00 	2680.00 	2650.00 	493.51K 	-0.67%
Oct 22, 2012 	2668.00 	2670.00 	2670.00 	2658.00 	409.45K 	-0.07%
Oct 19, 2012 	2670.00 	2676.00 	2676.00 	2664.00 	98.67K 	-0.30%
Oct 18, 2012 	2678.00 	2684.00 	2716.00 	2664.00 	68.85K 	-0.07%
Oct 17, 2012 	2680.00 	2720.00 	2720.00 	2676.00 	203.92K 	-1.03%
Oct 16, 2012 	2708.00 	2690.00 	2712.00 	2690.00 	254.72K 	0.67%
Oct 15, 2012 	2690.00 	2720.00 	2720.00 	2680.00 	130.45K 	-0.96%
Oct 12, 2012 	2716.00 	2698.00 	2716.00 	2690.00 	154.16K 	0.67%
Oct 11, 2012 	2698.00 	2720.00 	2740.00 	2692.00 	312.46K 	-0.95%
Oct 10, 2012 	2724.00 	2730.00 	2748.00 	2724.00 	314.51K 	-0.22%
Oct 09, 2012 	2730.00 	2758.00 	2758.00 	2728.00 	353.63K 	-1.09%
Oct 08, 2012 	2760.00 	2754.00 	2794.00 	2752.00 	60.54K 	0.29%
Oct 05, 2012 	2752.00 	2756.00 	2778.00 	2748.00 	146.19K 	-0.15%
Oct 04, 2012 	2756.00 	2742.00 	2790.00 	2742.00 	213.80K 	0.44%
Oct 03, 2012 	2744.00 	2760.00 	2766.00 	2742.00 	109.02K 	-0.58%
Oct 02, 2012 	2760.00 	2790.00 	2790.00 	2760.00 	178.88K 	0.00%
Oct 01, 2012 	2760.00 	2782.00 	2790.00 	2760.00 	50.83K 	-0.86%
Sep 28, 2012 	2784.00 	2802.00 	2802.00 	2780.00 	244.00K 	0.14%
Sep 27, 2012 	2780.00 	2794.00 	2794.00 	2780.00 	167.57K 	-0.43%
Sep 26, 2012 	2792.00 	2796.00 	2796.00 	2788.00 	96.39K 	-0.21%
Sep 25, 2012 	2798.00 	2802.00 	2820.00 	2798.00 	98.19K 	-0.14%
Sep 24, 2012 	2802.00 	2810.00 	2810.00 	2798.00 	54.14K 	-0.28%
Sep 21, 2012 	2810.00 	2820.00 	2820.00 	2800.00 	76.64K 	-0.64%
Sep 20, 2012 	2828.00 	2850.00 	2850.00 	2826.00 	58.26K 	-0.07%
Sep 19, 2012 	2830.00 	2864.00 	2864.00 	2828.00 	153.13K 	-1.19%
Sep 18, 2012 	2864.00 	2880.00 	2882.00 	2864.00 	133.89K 	-0.90%
Sep 17, 2012 	2890.00 	2930.00 	2940.00 	2890.00 	147.28K 	0.70%
Sep 14, 2012 	2870.00 	2812.00 	2914.00 	2812.00 	317.91K 	2.57%
Sep 13, 2012 	2798.00 	2798.00 	2802.00 	2798.00 	201.21K 	0.00%
Sep 12, 2012 	2798.00 	2772.00 	2816.00 	2772.00 	310.64K 	0.94%
Sep 11, 2012 	2772.00 	2772.00 	2780.00 	2752.00 	141.24K 	0.43%
Sep 10, 2012 	2760.00 	2750.00 	2786.00 	2750.00 	57.03K 	0.36%
Sep 07, 2012 	2750.00 	2714.00 	2798.00 	2714.00 	145.91K 	1.78%
Sep 06, 2012 	2702.00 	2726.00 	2728.00 	2702.00 	96.87K 	-0.88%
Sep 05, 2012 	2726.00 	2760.00 	2760.00 	2720.00 	52.57K 	-0.15%
Sep 04, 2012 	2730.00 	2760.00 	2762.00 	2730.00 	74.16K 	-1.09%
Sep 03, 2012 	2760.00 	2740.00 	2770.00 	2710.00 	85.28K 	0.73%
Aug 31, 2012 	2740.00 	2680.00 	2740.00 	2680.00 	102.98K 	2.16%
Aug 30, 2012 	2682.00 	2720.00 	2720.00 	2682.00 	125.37K 	-1.40%
Aug 29, 2012 	2720.00 	2720.00 	2720.00 	2700.00 	136.52K 	0.00%
Aug 28, 2012 	2720.00 	2740.00 	2740.00 	2670.00 	236.11K 	-1.23%
Aug 24, 2012 	2754.00 	2728.00 	2756.00 	2728.00 	239.94K 	0.73%
Aug 23, 2012 	2734.00 	2700.00 	2734.00 	2700.00 	93.22K 	1.11%
Aug 22, 2012 	2704.00 	2704.00 	2706.00 	2680.00 	225.54K 	0.00%
Aug 17, 2012 	2704.00 	2714.00 	2714.00 	2686.00 	54.89K 	-0.44%
Aug 16, 2012 	2716.00 	2724.00 	2724.00 	2716.00 	24.67K 	0.15%
Aug 15, 2012 	2712.00 	2700.00 	2712.00 	2700.00 	48.98K 	0.44%
Aug 14, 2012 	2700.00 	2712.00 	2714.00 	2696.00 	64.85K 	-0.44%
Aug 13, 2012 	2712.00 	2724.00 	2724.00 	2710.00 	36.41K 	-0.44%
Aug 10, 2012 	2724.00 	2728.00 	2736.00 	2720.00 	56.10K 	-0.15%
Aug 09, 2012 	2728.00 	2750.00 	2750.00 	2728.00 	100.49K 	-1.09%
Aug 08, 2012 	2758.00 	2730.00 	2774.00 	2730.00 	176.10K 	1.03%
Aug 06, 2012 	2730.00 	2752.00 	2770.00 	2730.00 	102.85K 	-1.02%
Aug 03, 2012 	2758.00 	2764.00 	2764.00 	2742.00 	36.00K 	-0.22%
Aug 02, 2012 	2764.00 	2758.00 	2792.00 	2744.00 	49.08K 	-0.22%
Aug 01, 2012 	2770.00 	2730.00 	2770.00 	2730.00 	62.49K 	1.32%
Jul 31, 2012 	2734.00 	2700.00 	2750.00 	2700.00 	176.10K 	1.11%
Jul 30, 2012 	2704.00 	2712.00 	2716.00 	2702.00 	128.20K 	0.22%
Jul 27, 2012 	2698.00 	2700.00 	2712.00 	2682.00 	136.11K 	0.90%
Jul 26, 2012 	2674.00 	2670.00 	2682.00 	2670.00 	93.35K 	-0.22%
Jul 25, 2012 	2680.00 	2680.00 	2700.00 	2670.00 	141.62K 	0.00%
Jul 24, 2012 	2680.00 	2680.00 	2690.00 	2672.00 	131.22K 	-0.30%
Jul 23, 2012 	2688.00 	2700.00 	2700.00 	2670.00 	86.72K 	-1.03%
Jul 20, 2012 	2716.00 	2700.00 	2724.00 	2700.00 	67.50K 	-0.29%
Jul 19, 2012 	2724.00 	2712.00 	2724.00 	2708.00 	49.34K 	0.07%
Jul 18, 2012 	2722.00 	2734.00 	2734.00 	2714.00 	135.41K 	-0.44%
Jul 17, 2012 	2734.00 	2750.00 	2750.00 	2720.00 	155.07K 	-1.16%
Jul 16, 2012 	2766.00 	2700.00 	2766.00 	2700.00 	202.29K 	2.44%
Jul 13, 2012 	2700.00 	2696.00 	2714.00 	2670.00 	103.30K 	0.15%
Jul 12, 2012 	2696.00 	2704.00 	2704.00 	2696.00 	152.35K 	-0.37%
Jul 11, 2012 	2706.00 	2700.00 	2718.00 	2700.00 	159.02K 	-1.46%
Jul 10, 2012 	2746.00 	2700.00 	2754.00 	2690.00 	93.36K 	0.66%
Jul 09, 2012 	2728.00 	2754.00 	2754.00 	2700.00 	48.60K 	-0.94%
Jul 06, 2012 	2754.00 	2744.00 	2764.00 	2744.00 	81.50K 	-0.36%
Jul 05, 2012 	2764.00 	2780.00 	2788.00 	2758.00 	75.49K 	0.51%
Jul 04, 2012 	2750.00 	2762.00 	2820.00 	2750.00 	305.21K 	-0.36%
Jul 03, 2012 	2760.00 	2716.00 	2764.00 	2712.00 	228.27K 	1.62%
Jul 02, 2012 	2716.00 	2670.00 	2734.00 	2670.00 	123.09K 	2.49%
Jun 29, 2012 	2650.00 	2688.00 	2688.00 	2630.00 	161.29K 	-1.41%
Jun 28, 2012 	2688.00 	2740.00 	2750.00 	2660.00 	174.14K 	-0.96%
Jun 27, 2012 	2714.00 	2686.00 	2742.00 	2686.00 	484.59K 	1.50%
Jun 26, 2012 	2674.00 	2628.00 	2684.00 	2628.00 	336.33K 	1.91%
Jun 25, 2012 	2624.00 	2510.00 	2628.00 	2510.00 	493.41K 	4.88%
Jun 22, 2012 	2502.00 	2430.00 	2510.00 	2420.00 	350.50K 	2.88%
Jun 21, 2012 	2432.00 	2410.00 	2448.00 	2410.00 	78.84K 	0.33%
Jun 20, 2012 	2424.00 	2424.00 	2424.00 	2400.00 	40.08K 	1.42%
Jun 19, 2012 	2390.00 	2386.00 	2396.00 	2370.00 	53.73K 	0.59%
Jun 18, 2012 	2376.00 	2380.00 	2402.00 	2360.00 	236.35K 	0.68%
Jun 15, 2012 	2360.00 	2400.00 	2404.00 	2302.00 	237.00K 	0.43%
Jun 14, 2012 	2350.00 	2444.00 	2444.00 	2350.00 	127.12K 	-3.69%
Jun 13, 2012 	2440.00 	2458.00 	2458.00 	2424.00 	254.16K 	-0.65%
Jun 11, 2012 	2456.00 	2440.00 	2462.00 	2438.00 	295.47K 	1.07%
Jun 08, 2012 	2430.00 	2440.00 	2444.00 	2430.00 	184.93K 	-0.57%
Jun 07, 2012 	2444.00 	2426.00 	2446.00 	2426.00 	223.20K 	1.16%
Jun 06, 2012 	2416.00 	2396.00 	2420.00 	2396.00 	117.71K 	1.94%
Jun 05, 2012 	2370.00 	2394.00 	2402.00 	2352.00 	115.55K 	-1.25%
Jun 04, 2012 	2400.00 	2390.00 	2404.00 	2350.00 	172.92K 	-0.83%
Jun 01, 2012 	2420.00 	2380.00 	2430.00 	2380.00 	257.35K 	3.42%
May 31, 2012 	2340.00 	2300.00 	2440.00 	2290.00 	210.32K 	1.30%
May 30, 2012 	2310.00 	2330.00 	2350.00 	2302.00 	272.77K 	0.17%
May 29, 2012 	2306.00 	2358.00 	2358.00 	2302.00 	369.54K 	-1.79%
May 28, 2012 	2348.00 	2368.00 	2370.00 	2346.00 	71.98K 	0.00%
May 25, 2012 	2348.00 	2358.00 	2358.00 	2348.00 	215.31K 	-0.42%
May 24, 2012 	2358.00 	2380.00 	2380.00 	2352.00 	180.63K 	-1.01%
May 23, 2012 	2382.00 	2388.00 	2388.00 	2376.00 	222.71K 	-0.42%
May 22, 2012 	2392.00 	2400.00 	2400.00 	2388.00 	176.14K 	-0.08%
May 21, 2012 	2394.00 	2370.00 	2396.00 	2368.00 	131.52K 	1.01%
May 18, 2012 	2370.00 	2418.00 	2418.00 	2354.00 	108.64K 	-1.99%
May 17, 2012 	2418.00 	2379.00 	2460.00 	2370.00 	223.34K 	1.34%
May 16, 2012 	2386.00 	2396.00 	2396.00 	2370.00 	140.16K 	-0.42%
May 15, 2012 	2396.00 	2446.00 	2448.00 	2382.00 	193.45K 	-2.20%
May 14, 2012 	2450.00 	2498.00 	2500.00 	2434.00 	139.48K 	-2.23%
May 11, 2012 	2506.00 	2506.00 	2522.00 	2502.00 	111.53K 	-0.08%
May 10, 2012 	2508.00 	2516.00 	2516.00 	2492.00 	153.35K 	-0.48%
May 09, 2012 	2520.00 	2532.00 	2534.00 	2518.00 	168.39K 	-0.63%
May 08, 2012 	2536.00 	2550.00 	2550.00 	2536.00 	126.94K 	-0.63%
May 07, 2012 	2552.00 	2566.00 	2566.00 	2548.00 	111.97K 	-0.55%
May 04, 2012 	2566.00 	2574.00 	2578.00 	2558.00 	137.46K 	-0.23%
May 03, 2012 	2572.00 	2548.00 	2572.00 	2548.00 	169.86K 	0.78%
May 02, 2012 	2552.00 	2588.00 	2588.00 	2552.00 	89.81K 	-1.39%
Apr 30, 2012 	2588.00 	2582.00 	2598.00 	2574.00 	145.75K 	0.15%
Apr 27, 2012 	2584.00 	2592.00 	2592.00 	2582.00 	149.61K 	0.08%
Apr 26, 2012 	2582.00 	2582.00 	2592.00 	2576.00 	136.97K 	0.08%
Apr 25, 2012 	2580.00 	2556.00 	2580.00 	2540.00 	128.41K 	0.86%
Apr 24, 2012 	2558.00 	2546.00 	2570.00 	2546.00 	141.64K 	0.47%
Apr 23, 2012 	2546.00 	2552.00 	2560.00 	2526.00 	69.97K 	-0.16%
Apr 20, 2012 	2550.00 	2570.00 	2570.00 	2546.00 	169.36K 	0.00%
Apr 19, 2012 	2550.00 	2572.00 	2572.00 	2546.00 	187.35K 	-0.86%
Apr 18, 2012 	2572.00 	2594.00 	2600.00 	2570.00 	93.53K 	-0.69%
Apr 17, 2012 	2590.00 	2596.00 	2630.00 	2588.00 	172.85K 	0.62%
Apr 16, 2012 	2574.00 	2590.00 	2600.00 	2560.00 	242.78K 	-1.15%
